970
2 5 3.905 0.07185053932 0.5
3 7 3.905 0.059 0.5
4 8 3.905 0.059 0.5
5 9 3.905 0.059 0.5
7 10 3.905 0.059 0.5
8 12 3.905 0.059 0.5
9 13 3.905 0.059 0.5
10 14 3.905 0.059 0.5
12 15 3.905 0.059 0.5
13 17 3.905 0.059 0.5
14 18 3.905 0.059 0.5
15 19 3.905 0.059 0.5
17 20 3.905 0.059 0.5
18 22 3.905 0.059 0.5
19 23 3.905 0.059 0.5
20 24 3.905 0.059 0.5
22 25 3.905 0.059 0.5
23 27 3.905 0.059 0.5
24 28 3.905 0.059 0.5
25 29 3.905 0.059 0.5
27 30 3.905 0.059 0.5
28 32 3.905 0.059 0.5
29 33 3.905 0.059 0.5
30 34 3.905 0.059 0.5
32 35 3.905 0.059 0.5
33 37 3.905 0.059 0.5
34 38 3.905 0.059 0.5
35 39 3.905 0.059 0.5
37 40 3.905 0.059 0.5
38 42 3.905 0.059 0.5
39 43 3.905 0.059 0.5
40 44 3.905 0.059 0.5
42 45 3.905 0.059 0.5
43 47 3.905 0.059 0.5
44 48 3.905 0.059 0.5
45 49 3.905 0.059 0.5
47 50 3.905 0.059 0.5
48 52 3.905 0.059 0.5
49 53 3.905 0.059 0.5
50 54 3.905 0.059 0.5
52 55 3.905 0.059 0.5
53 57 3.905 0.059 0.5
54 58 3.905 0.059 0.5
55 59 3.905 0.059 0.5
57 60 3.905 0.059 0.5
58 62 3.905 0.059 0.5
59 63 3.905 0.059 0.5
60 64 3.905 0.059 0.5
62 65 3.905 0.059 0.5
63 67 3.905 0.059 0.5
64 68 3.905 0.059 0.5
65 69 3.905 0.059 0.5
67 70 3.905 0.059 0.5
68 72 3.905 0.059 0.5
69 73 3.905 0.059 0.5
70 74 3.905 0.059 0.5
72 75 3.905 0.059 0.5
73 77 3.905 0.059 0.5
74 78 3.905 0.059 0.5
75 79 3.905 0.059 0.5
77 80 3.905 0.059 0.5
78 82 3.905 0.059 0.5
79 83 3.905 0.059 0.5
80 84 3.905 0.059 0.5
82 85 3.905 0.059 0.5
83 87 3.905 0.059 0.5
84 88 3.905 0.059 0.5
85 89 3.905 0.059 0.5
87 90 3.905 0.059 0.5
88 92 3.905 0.059 0.5
89 93 3.905 0.059 0.5
90 94 3.905 0.059 0.5
92 95 3.905 0.059 0.5
93 97 3.905 0.059 0.5
94 98 3.905 0.059 0.5
95 99 3.905 0.059 0.5
97 100 3.905 0.059 0.5
98 102 3.905 0.059 0.5
99 103 3.905 0.059 0.5
100 104 3.905 0.059 0.5
102 105 3.905 0.059 0.5
103 107 3.905 0.059 0.5
104 108 3.905 0.059 0.5
105 109 3.905 0.059 0.5
107 110 3.905 0.059 0.5
108 112 3.905 0.059 0.5
109 113 3.905 0.059 0.5
110 114 3.905 0.059 0.5
112 115 3.905 0.059 0.5
113 117 3.905 0.059 0.5
114 118 3.905 0.059 0.5
115 119 3.905 0.059 0.5
117 120 3.905 0.059 0.5
118 122 3.905 0.059 0.5
119 123 3.905 0.059 0.5
120 124 3.905 0.059 0.5
122 125 3.905 0.07185053932 0.5
127 130 3.905 0.07185053932 0.5
128 132 3.905 0.059 0.5
129 133 3.905 0.059 0.5
130 134 3.905 0.059 0.5
132 135 3.905 0.059 0.5
133 137 3.905 0.059 0.5
134 138 3.905 0.059 0.5
135 139 3.905 0.059 0.5
137 140 3.905 0.059 0.5
138 142 3.905 0.059 0.5
139 143 3.905 0.059 0.5
140 144 3.905 0.059 0.5
142 145 3.905 0.059 0.5
143 147 3.905 0.059 0.5
144 148 3.905 0.059 0.5
145 149 3.905 0.059 0.5
147 150 3.905 0.059 0.5
148 152 3.905 0.059 0.5
149 153 3.905 0.059 0.5
150 154 3.905 0.059 0.5
152 155 3.905 0.059 0.5
153 157 3.905 0.059 0.5
154 158 3.905 0.059 0.5
155 159 3.905 0.059 0.5
157 160 3.905 0.059 0.5
158 162 3.905 0.059 0.5
159 163 3.905 0.059 0.5
160 164 3.905 0.059 0.5
162 165 3.905 0.059 0.5
163 167 3.905 0.059 0.5
164 168 3.905 0.059 0.5
165 169 3.905 0.059 0.5
167 170 3.905 0.059 0.5
168 172 3.905 0.059 0.5
169 173 3.905 0.059 0.5
170 174 3.905 0.059 0.5
172 175 3.905 0.059 0.5
173 177 3.905 0.059 0.5
174 178 3.905 0.059 0.5
175 179 3.905 0.059 0.5
177 180 3.905 0.059 0.5
178 182 3.905 0.059 0.5
179 183 3.905 0.059 0.5
180 184 3.905 0.059 0.5
182 185 3.905 0.059 0.5
183 187 3.905 0.059 0.5
184 188 3.905 0.059 0.5
185 189 3.905 0.059 0.5
187 190 3.905 0.059 0.5
188 192 3.905 0.059 0.5
189 193 3.905 0.059 0.5
190 194 3.905 0.059 0.5
192 195 3.905 0.059 0.5
193 197 3.905 0.059 0.5
194 198 3.905 0.059 0.5
195 199 3.905 0.059 0.5
197 200 3.905 0.059 0.5
198 202 3.905 0.059 0.5
199 203 3.905 0.059 0.5
200 204 3.905 0.059 0.5
202 205 3.905 0.059 0.5
203 207 3.905 0.059 0.5
204 208 3.905 0.059 0.5
205 209 3.905 0.059 0.5
207 210 3.905 0.059 0.5
208 212 3.905 0.059 0.5
209 213 3.905 0.059 0.5
210 214 3.905 0.059 0.5
212 215 3.905 0.059 0.5
213 217 3.905 0.059 0.5
214 218 3.905 0.059 0.5
215 219 3.905 0.059 0.5
217 220 3.905 0.059 0.5
218 222 3.905 0.059 0.5
219 223 3.905 0.059 0.5
220 224 3.905 0.059 0.5
222 225 3.905 0.059 0.5
223 227 3.905 0.059 0.5
224 228 3.905 0.059 0.5
225 229 3.905 0.059 0.5
227 230 3.905 0.059 0.5
228 232 3.905 0.059 0.5
229 233 3.905 0.059 0.5
230 234 3.905 0.059 0.5
232 235 3.905 0.059 0.5
233 237 3.905 0.059 0.5
234 238 3.905 0.059 0.5
235 239 3.905 0.059 0.5
237 240 3.905 0.059 0.5
238 242 3.905 0.059 0.5
239 243 3.905 0.059 0.5
240 244 3.905 0.059 0.5
242 245 3.905 0.059 0.5
243 247 3.905 0.059 0.5
244 248 3.905 0.059 0.5
245 249 3.905 0.059 0.5
247 250 3.905 0.07185053932 0.5
252 255 3.905 0.07185053932 0.5
253 257 3.905 0.059 0.5
254 258 3.905 0.059 0.5
255 259 3.905 0.059 0.5
257 260 3.905 0.059 0.5
258 262 3.905 0.059 0.5
259 263 3.905 0.059 0.5
260 264 3.905 0.059 0.5
262 265 3.905 0.059 0.5
263 267 3.905 0.059 0.5
264 268 3.905 0.059 0.5
265 269 3.905 0.059 0.5
267 270 3.905 0.059 0.5
268 272 3.905 0.059 0.5
269 273 3.905 0.059 0.5
270 274 3.905 0.059 0.5
272 275 3.905 0.059 0.5
273 277 3.905 0.059 0.5
274 278 3.905 0.059 0.5
275 279 3.905 0.059 0.5
277 280 3.905 0.059 0.5
278 282 3.905 0.059 0.5
279 283 3.905 0.059 0.5
280 284 3.905 0.059 0.5
282 285 3.905 0.059 0.5
283 287 3.905 0.059 0.5
284 288 3.905 0.059 0.5
285 289 3.905 0.059 0.5
287 290 3.905 0.059 0.5
288 292 3.905 0.059 0.5
289 293 3.905 0.059 0.5
290 294 3.905 0.059 0.5
292 295 3.905 0.059 0.5
293 297 3.905 0.059 0.5
294 298 3.905 0.059 0.5
295 299 3.905 0.059 0.5
297 300 3.905 0.059 0.5
298 302 3.905 0.059 0.5
299 303 3.905 0.059 0.5
300 304 3.905 0.059 0.5
302 305 3.905 0.059 0.5
303 307 3.905 0.059 0.5
304 308 3.905 0.059 0.5
305 309 3.905 0.059 0.5
307 310 3.905 0.059 0.5
308 312 3.905 0.059 0.5
309 313 3.905 0.059 0.5
310 314 3.905 0.059 0.5
312 315 3.905 0.059 0.5
313 317 3.905 0.059 0.5
314 318 3.905 0.059 0.5
315 319 3.905 0.059 0.5
317 320 3.905 0.059 0.5
318 322 3.905 0.059 0.5
319 323 3.905 0.059 0.5
320 324 3.905 0.059 0.5
322 325 3.905 0.059 0.5
323 327 3.905 0.059 0.5
324 328 3.905 0.059 0.5
325 329 3.905 0.059 0.5
327 330 3.905 0.059 0.5
328 332 3.905 0.059 0.5
329 333 3.905 0.059 0.5
330 334 3.905 0.059 0.5
332 335 3.905 0.059 0.5
333 337 3.905 0.059 0.5
334 338 3.905 0.059 0.5
335 339 3.905 0.059 0.5
337 340 3.905 0.059 0.5
338 342 3.905 0.059 0.5
339 343 3.905 0.059 0.5
340 344 3.905 0.059 0.5
342 345 3.905 0.059 0.5
343 347 3.905 0.059 0.5
344 348 3.905 0.059 0.5
345 349 3.905 0.059 0.5
347 350 3.905 0.059 0.5
348 352 3.905 0.059 0.5
349 353 3.905 0.059 0.5
350 354 3.905 0.059 0.5
352 355 3.905 0.059 0.5
353 357 3.905 0.059 0.5
354 358 3.905 0.059 0.5
355 359 3.905 0.059 0.5
357 360 3.905 0.059 0.5
358 362 3.905 0.059 0.5
359 363 3.905 0.059 0.5
360 364 3.905 0.059 0.5
362 365 3.905 0.059 0.5
363 367 3.905 0.059 0.5
364 368 3.905 0.059 0.5
365 369 3.905 0.059 0.5
367 370 3.905 0.059 0.5
368 372 3.905 0.059 0.5
369 373 3.905 0.059 0.5
370 374 3.905 0.059 0.5
372 375 3.905 0.07185053932 0.5
377 380 3.905 0.07185053932 0.5
378 382 3.905 0.059 0.5
379 383 3.905 0.059 0.5
380 384 3.905 0.059 0.5
382 385 3.905 0.059 0.5
383 387 3.905 0.059 0.5
384 388 3.905 0.059 0.5
385 389 3.905 0.059 0.5
387 390 3.905 0.059 0.5
388 392 3.905 0.059 0.5
389 393 3.905 0.059 0.5
390 394 3.905 0.059 0.5
392 395 3.905 0.059 0.5
393 397 3.905 0.059 0.5
394 398 3.905 0.059 0.5
395 399 3.905 0.059 0.5
397 400 3.905 0.059 0.5
398 402 3.905 0.059 0.5
399 403 3.905 0.059 0.5
400 404 3.905 0.059 0.5
402 405 3.905 0.059 0.5
403 407 3.905 0.059 0.5
404 408 3.905 0.059 0.5
405 409 3.905 0.059 0.5
407 410 3.905 0.059 0.5
408 412 3.905 0.059 0.5
409 413 3.905 0.059 0.5
410 414 3.905 0.059 0.5
412 415 3.905 0.059 0.5
413 417 3.905 0.059 0.5
414 418 3.905 0.059 0.5
415 419 3.905 0.059 0.5
417 420 3.905 0.059 0.5
418 422 3.905 0.059 0.5
419 423 3.905 0.059 0.5
420 424 3.905 0.059 0.5
422 425 3.905 0.059 0.5
423 427 3.905 0.059 0.5
424 428 3.905 0.059 0.5
425 429 3.905 0.059 0.5
427 430 3.905 0.059 0.5
428 432 3.905 0.059 0.5
429 433 3.905 0.059 0.5
430 434 3.905 0.059 0.5
432 435 3.905 0.059 0.5
433 437 3.905 0.059 0.5
434 438 3.905 0.059 0.5
435 439 3.905 0.059 0.5
437 440 3.905 0.059 0.5
438 442 3.905 0.059 0.5
439 443 3.905 0.059 0.5
440 444 3.905 0.059 0.5
442 445 3.905 0.059 0.5
443 447 3.905 0.059 0.5
444 448 3.905 0.059 0.5
445 449 3.905 0.059 0.5
447 450 3.905 0.059 0.5
448 452 3.905 0.059 0.5
449 453 3.905 0.059 0.5
450 454 3.905 0.059 0.5
452 455 3.905 0.059 0.5
453 457 3.905 0.059 0.5
454 458 3.905 0.059 0.5
455 459 3.905 0.059 0.5
457 460 3.905 0.059 0.5
458 462 3.905 0.059 0.5
459 463 3.905 0.059 0.5
460 464 3.905 0.059 0.5
462 465 3.905 0.059 0.5
463 467 3.905 0.059 0.5
464 468 3.905 0.059 0.5
465 469 3.905 0.059 0.5
467 470 3.905 0.059 0.5
468 472 3.905 0.059 0.5
469 473 3.905 0.059 0.5
470 474 3.905 0.059 0.5
472 475 3.905 0.059 0.5
473 477 3.905 0.059 0.5
474 478 3.905 0.059 0.5
475 479 3.905 0.059 0.5
477 480 3.905 0.059 0.5
478 482 3.905 0.059 0.5
479 483 3.905 0.059 0.5
480 484 3.905 0.059 0.5
482 485 3.905 0.059 0.5
483 487 3.905 0.059 0.5
484 488 3.905 0.059 0.5
485 489 3.905 0.059 0.5
487 490 3.905 0.059 0.5
488 492 3.905 0.059 0.5
489 493 3.905 0.059 0.5
490 494 3.905 0.059 0.5
492 495 3.905 0.059 0.5
493 497 3.905 0.059 0.5
494 498 3.905 0.059 0.5
495 499 3.905 0.059 0.5
497 500 3.905 0.07185053932 0.5
502 505 3.905 0.07185053932 0.5
503 507 3.905 0.059 0.5
504 508 3.905 0.059 0.5
505 509 3.905 0.059 0.5
507 510 3.905 0.059 0.5
508 512 3.905 0.059 0.5
509 513 3.905 0.059 0.5
510 514 3.905 0.059 0.5
512 515 3.905 0.059 0.5
513 517 3.905 0.059 0.5
514 518 3.905 0.059 0.5
515 519 3.905 0.059 0.5
517 520 3.905 0.059 0.5
518 522 3.905 0.059 0.5
519 523 3.905 0.059 0.5
520 524 3.905 0.059 0.5
522 525 3.905 0.059 0.5
523 527 3.905 0.059 0.5
524 528 3.905 0.059 0.5
525 529 3.905 0.059 0.5
527 530 3.905 0.059 0.5
528 532 3.905 0.059 0.5
529 533 3.905 0.059 0.5
530 534 3.905 0.059 0.5
532 535 3.905 0.059 0.5
533 537 3.905 0.059 0.5
534 538 3.905 0.059 0.5
535 539 3.905 0.059 0.5
537 540 3.905 0.059 0.5
538 542 3.905 0.059 0.5
539 543 3.905 0.059 0.5
540 544 3.905 0.059 0.5
542 545 3.905 0.059 0.5
543 547 3.905 0.059 0.5
544 548 3.905 0.059 0.5
545 549 3.905 0.059 0.5
547 550 3.905 0.059 0.5
548 552 3.905 0.059 0.5
549 553 3.905 0.059 0.5
550 554 3.905 0.059 0.5
552 555 3.905 0.059 0.5
553 557 3.905 0.059 0.5
554 558 3.905 0.059 0.5
555 559 3.905 0.059 0.5
557 560 3.905 0.059 0.5
558 562 3.905 0.059 0.5
559 563 3.905 0.059 0.5
560 564 3.905 0.059 0.5
562 565 3.905 0.059 0.5
563 567 3.905 0.059 0.5
564 568 3.905 0.059 0.5
565 569 3.905 0.059 0.5
567 570 3.905 0.059 0.5
568 572 3.905 0.059 0.5
569 573 3.905 0.059 0.5
570 574 3.905 0.059 0.5
572 575 3.905 0.059 0.5
573 577 3.905 0.059 0.5
574 578 3.905 0.059 0.5
575 579 3.905 0.059 0.5
577 580 3.905 0.059 0.5
578 582 3.905 0.059 0.5
579 583 3.905 0.059 0.5
580 584 3.905 0.059 0.5
582 585 3.905 0.059 0.5
583 587 3.905 0.059 0.5
584 588 3.905 0.059 0.5
585 589 3.905 0.059 0.5
587 590 3.905 0.059 0.5
588 592 3.905 0.059 0.5
589 593 3.905 0.059 0.5
590 594 3.905 0.059 0.5
592 595 3.905 0.059 0.5
593 597 3.905 0.059 0.5
594 598 3.905 0.059 0.5
595 599 3.905 0.059 0.5
597 600 3.905 0.059 0.5
598 602 3.905 0.059 0.5
599 603 3.905 0.059 0.5
600 604 3.905 0.059 0.5
602 605 3.905 0.059 0.5
603 607 3.905 0.059 0.5
604 608 3.905 0.059 0.5
605 609 3.905 0.059 0.5
607 610 3.905 0.059 0.5
608 612 3.905 0.059 0.5
609 613 3.905 0.059 0.5
610 614 3.905 0.059 0.5
612 615 3.905 0.059 0.5
613 617 3.905 0.059 0.5
614 618 3.905 0.059 0.5
615 619 3.905 0.059 0.5
617 620 3.905 0.059 0.5
618 622 3.905 0.059 0.5
619 623 3.905 0.059 0.5
620 624 3.905 0.059 0.5
622 625 3.905 0.07185053932 0.5
627 630 3.905 0.07185053932 0.5
628 632 3.905 0.059 0.5
629 633 3.905 0.059 0.5
630 634 3.905 0.059 0.5
632 635 3.905 0.059 0.5
633 637 3.905 0.059 0.5
634 638 3.905 0.059 0.5
635 639 3.905 0.059 0.5
637 640 3.905 0.059 0.5
638 642 3.905 0.059 0.5
639 643 3.905 0.059 0.5
640 644 3.905 0.059 0.5
642 645 3.905 0.059 0.5
643 647 3.905 0.059 0.5
644 648 3.905 0.059 0.5
645 649 3.905 0.059 0.5
647 650 3.905 0.059 0.5
648 652 3.905 0.059 0.5
649 653 3.905 0.059 0.5
650 654 3.905 0.059 0.5
652 655 3.905 0.059 0.5
653 657 3.905 0.059 0.5
654 658 3.905 0.059 0.5
655 659 3.905 0.059 0.5
657 660 3.905 0.059 0.5
658 662 3.905 0.059 0.5
659 663 3.905 0.059 0.5
660 664 3.905 0.059 0.5
662 665 3.905 0.059 0.5
663 667 3.905 0.059 0.5
664 668 3.905 0.059 0.5
665 669 3.905 0.059 0.5
667 670 3.905 0.059 0.5
668 672 3.905 0.059 0.5
669 673 3.905 0.059 0.5
670 674 3.905 0.059 0.5
672 675 3.905 0.059 0.5
673 677 3.905 0.059 0.5
674 678 3.905 0.059 0.5
675 679 3.905 0.059 0.5
677 680 3.905 0.059 0.5
678 682 3.905 0.059 0.5
679 683 3.905 0.059 0.5
680 684 3.905 0.059 0.5
682 685 3.905 0.059 0.5
683 687 3.905 0.059 0.5
684 688 3.905 0.059 0.5
685 689 3.905 0.059 0.5
687 690 3.905 0.059 0.5
688 692 3.905 0.059 0.5
689 693 3.905 0.059 0.5
690 694 3.905 0.059 0.5
692 695 3.905 0.059 0.5
693 697 3.905 0.059 0.5
694 698 3.905 0.059 0.5
695 699 3.905 0.059 0.5
697 700 3.905 0.059 0.5
698 702 3.905 0.059 0.5
699 703 3.905 0.059 0.5
700 704 3.905 0.059 0.5
702 705 3.905 0.059 0.5
703 707 3.905 0.059 0.5
704 708 3.905 0.059 0.5
705 709 3.905 0.059 0.5
707 710 3.905 0.059 0.5
708 712 3.905 0.059 0.5
709 713 3.905 0.059 0.5
710 714 3.905 0.059 0.5
712 715 3.905 0.059 0.5
713 717 3.905 0.059 0.5
714 718 3.905 0.059 0.5
715 719 3.905 0.059 0.5
717 720 3.905 0.059 0.5
718 722 3.905 0.059 0.5
719 723 3.905 0.059 0.5
720 724 3.905 0.059 0.5
722 725 3.905 0.059 0.5
723 727 3.905 0.059 0.5
724 728 3.905 0.059 0.5
725 729 3.905 0.059 0.5
727 730 3.905 0.059 0.5
728 732 3.905 0.059 0.5
729 733 3.905 0.059 0.5
730 734 3.905 0.059 0.5
732 735 3.905 0.059 0.5
733 737 3.905 0.059 0.5
734 738 3.905 0.059 0.5
735 739 3.905 0.059 0.5
737 740 3.905 0.059 0.5
738 742 3.905 0.059 0.5
739 743 3.905 0.059 0.5
740 744 3.905 0.059 0.5
742 745 3.905 0.059 0.5
743 747 3.905 0.059 0.5
744 748 3.905 0.059 0.5
745 749 3.905 0.059 0.5
747 750 3.905 0.07185053932 0.5
752 755 3.905 0.07185053932 0.5
753 757 3.905 0.059 0.5
754 758 3.905 0.059 0.5
755 759 3.905 0.059 0.5
757 760 3.905 0.059 0.5
758 762 3.905 0.059 0.5
759 763 3.905 0.059 0.5
760 764 3.905 0.059 0.5
762 765 3.905 0.059 0.5
763 767 3.905 0.059 0.5
764 768 3.905 0.059 0.5
765 769 3.905 0.059 0.5
767 770 3.905 0.059 0.5
768 772 3.905 0.059 0.5
769 773 3.905 0.059 0.5
770 774 3.905 0.059 0.5
772 775 3.905 0.059 0.5
773 777 3.905 0.059 0.5
774 778 3.905 0.059 0.5
775 779 3.905 0.059 0.5
777 780 3.905 0.059 0.5
778 782 3.905 0.059 0.5
779 783 3.905 0.059 0.5
780 784 3.905 0.059 0.5
782 785 3.905 0.059 0.5
783 787 3.905 0.059 0.5
784 788 3.905 0.059 0.5
785 789 3.905 0.059 0.5
787 790 3.905 0.059 0.5
788 792 3.905 0.059 0.5
789 793 3.905 0.059 0.5
790 794 3.905 0.059 0.5
792 795 3.905 0.059 0.5
793 797 3.905 0.059 0.5
794 798 3.905 0.059 0.5
795 799 3.905 0.059 0.5
797 800 3.905 0.059 0.5
798 802 3.905 0.059 0.5
799 803 3.905 0.059 0.5
800 804 3.905 0.059 0.5
802 805 3.905 0.059 0.5
803 807 3.905 0.059 0.5
804 808 3.905 0.059 0.5
805 809 3.905 0.059 0.5
807 810 3.905 0.059 0.5
808 812 3.905 0.059 0.5
809 813 3.905 0.059 0.5
810 814 3.905 0.059 0.5
812 815 3.905 0.059 0.5
813 817 3.905 0.059 0.5
814 818 3.905 0.059 0.5
815 819 3.905 0.059 0.5
817 820 3.905 0.059 0.5
818 822 3.905 0.059 0.5
819 823 3.905 0.059 0.5
820 824 3.905 0.059 0.5
822 825 3.905 0.059 0.5
823 827 3.905 0.059 0.5
824 828 3.905 0.059 0.5
825 829 3.905 0.059 0.5
827 830 3.905 0.059 0.5
828 832 3.905 0.059 0.5
829 833 3.905 0.059 0.5
830 834 3.905 0.059 0.5
832 835 3.905 0.059 0.5
833 837 3.905 0.059 0.5
834 838 3.905 0.059 0.5
835 839 3.905 0.059 0.5
837 840 3.905 0.059 0.5
838 842 3.905 0.059 0.5
839 843 3.905 0.059 0.5
840 844 3.905 0.059 0.5
842 845 3.905 0.059 0.5
843 847 3.905 0.059 0.5
844 848 3.905 0.059 0.5
845 849 3.905 0.059 0.5
847 850 3.905 0.059 0.5
848 852 3.905 0.059 0.5
849 853 3.905 0.059 0.5
850 854 3.905 0.059 0.5
852 855 3.905 0.059 0.5
853 857 3.905 0.059 0.5
854 858 3.905 0.059 0.5
855 859 3.905 0.059 0.5
857 860 3.905 0.059 0.5
858 862 3.905 0.059 0.5
859 863 3.905 0.059 0.5
860 864 3.905 0.059 0.5
862 865 3.905 0.059 0.5
863 867 3.905 0.059 0.5
864 868 3.905 0.059 0.5
865 869 3.905 0.059 0.5
867 870 3.905 0.059 0.5
868 872 3.905 0.059 0.5
869 873 3.905 0.059 0.5
870 874 3.905 0.059 0.5
872 875 3.905 0.07185053932 0.5
877 880 3.905 0.07185053932 0.5
878 882 3.905 0.059 0.5
879 883 3.905 0.059 0.5
880 884 3.905 0.059 0.5
882 885 3.905 0.059 0.5
883 887 3.905 0.059 0.5
884 888 3.905 0.059 0.5
885 889 3.905 0.059 0.5
887 890 3.905 0.059 0.5
888 892 3.905 0.059 0.5
889 893 3.905 0.059 0.5
890 894 3.905 0.059 0.5
892 895 3.905 0.059 0.5
893 897 3.905 0.059 0.5
894 898 3.905 0.059 0.5
895 899 3.905 0.059 0.5
897 900 3.905 0.059 0.5
898 902 3.905 0.059 0.5
899 903 3.905 0.059 0.5
900 904 3.905 0.059 0.5
902 905 3.905 0.059 0.5
903 907 3.905 0.059 0.5
904 908 3.905 0.059 0.5
905 909 3.905 0.059 0.5
907 910 3.905 0.059 0.5
908 912 3.905 0.059 0.5
909 913 3.905 0.059 0.5
910 914 3.905 0.059 0.5
912 915 3.905 0.059 0.5
913 917 3.905 0.059 0.5
914 918 3.905 0.059 0.5
915 919 3.905 0.059 0.5
917 920 3.905 0.059 0.5
918 922 3.905 0.059 0.5
919 923 3.905 0.059 0.5
920 924 3.905 0.059 0.5
922 925 3.905 0.059 0.5
923 927 3.905 0.059 0.5
924 928 3.905 0.059 0.5
925 929 3.905 0.059 0.5
927 930 3.905 0.059 0.5
928 932 3.905 0.059 0.5
929 933 3.905 0.059 0.5
930 934 3.905 0.059 0.5
932 935 3.905 0.059 0.5
933 937 3.905 0.059 0.5
934 938 3.905 0.059 0.5
935 939 3.905 0.059 0.5
937 940 3.905 0.059 0.5
938 942 3.905 0.059 0.5
939 943 3.905 0.059 0.5
940 944 3.905 0.059 0.5
942 945 3.905 0.059 0.5
943 947 3.905 0.059 0.5
944 948 3.905 0.059 0.5
945 949 3.905 0.059 0.5
947 950 3.905 0.059 0.5
948 952 3.905 0.059 0.5
949 953 3.905 0.059 0.5
950 954 3.905 0.059 0.5
952 955 3.905 0.059 0.5
953 957 3.905 0.059 0.5
954 958 3.905 0.059 0.5
955 959 3.905 0.059 0.5
957 960 3.905 0.059 0.5
958 962 3.905 0.059 0.5
959 963 3.905 0.059 0.5
960 964 3.905 0.059 0.5
962 965 3.905 0.059 0.5
963 967 3.905 0.059 0.5
964 968 3.905 0.059 0.5
965 969 3.905 0.059 0.5
967 970 3.905 0.059 0.5
968 972 3.905 0.059 0.5
969 973 3.905 0.059 0.5
970 974 3.905 0.059 0.5
972 975 3.905 0.059 0.5
973 977 3.905 0.059 0.5
974 978 3.905 0.059 0.5
975 979 3.905 0.059 0.5
977 980 3.905 0.059 0.5
978 982 3.905 0.059 0.5
979 983 3.905 0.059 0.5
980 984 3.905 0.059 0.5
982 985 3.905 0.059 0.5
983 987 3.905 0.059 0.5
984 988 3.905 0.059 0.5
985 989 3.905 0.059 0.5
987 990 3.905 0.059 0.5
988 992 3.905 0.059 0.5
989 993 3.905 0.059 0.5
990 994 3.905 0.059 0.5
992 995 3.905 0.059 0.5
993 997 3.905 0.059 0.5
994 998 3.905 0.059 0.5
995 999 3.905 0.059 0.5
997 1000 3.905 0.07185053932 0.5
1002 1005 3.905 0.07185053932 0.5
1003 1007 3.905 0.059 0.5
1004 1008 3.905 0.059 0.5
1005 1009 3.905 0.059 0.5
1007 1010 3.905 0.059 0.5
1008 1012 3.905 0.059 0.5
1009 1013 3.905 0.059 0.5
1010 1014 3.905 0.059 0.5
1012 1015 3.905 0.059 0.5
1013 1017 3.905 0.059 0.5
1014 1018 3.905 0.059 0.5
1015 1019 3.905 0.059 0.5
1017 1020 3.905 0.059 0.5
1018 1022 3.905 0.059 0.5
1019 1023 3.905 0.059 0.5
1020 1024 3.905 0.059 0.5
1022 1025 3.905 0.059 0.5
1023 1027 3.905 0.059 0.5
1024 1028 3.905 0.059 0.5
1025 1029 3.905 0.059 0.5
1027 1030 3.905 0.059 0.5
1028 1032 3.905 0.059 0.5
1029 1033 3.905 0.059 0.5
1030 1034 3.905 0.059 0.5
1032 1035 3.905 0.059 0.5
1033 1037 3.905 0.059 0.5
1034 1038 3.905 0.059 0.5
1035 1039 3.905 0.059 0.5
1037 1040 3.905 0.059 0.5
1038 1042 3.905 0.059 0.5
1039 1043 3.905 0.059 0.5
1040 1044 3.905 0.059 0.5
1042 1045 3.905 0.059 0.5
1043 1047 3.905 0.059 0.5
1044 1048 3.905 0.059 0.5
1045 1049 3.905 0.059 0.5
1047 1050 3.905 0.059 0.5
1048 1052 3.905 0.059 0.5
1049 1053 3.905 0.059 0.5
1050 1054 3.905 0.059 0.5
1052 1055 3.905 0.059 0.5
1053 1057 3.905 0.059 0.5
1054 1058 3.905 0.059 0.5
1055 1059 3.905 0.059 0.5
1057 1060 3.905 0.059 0.5
1058 1062 3.905 0.059 0.5
1059 1063 3.905 0.059 0.5
1060 1064 3.905 0.059 0.5
1062 1065 3.905 0.059 0.5
1063 1067 3.905 0.059 0.5
1064 1068 3.905 0.059 0.5
1065 1069 3.905 0.059 0.5
1067 1070 3.905 0.059 0.5
1068 1072 3.905 0.059 0.5
1069 1073 3.905 0.059 0.5
1070 1074 3.905 0.059 0.5
1072 1075 3.905 0.059 0.5
1073 1077 3.905 0.059 0.5
1074 1078 3.905 0.059 0.5
1075 1079 3.905 0.059 0.5
1077 1080 3.905 0.059 0.5
1078 1082 3.905 0.059 0.5
1079 1083 3.905 0.059 0.5
1080 1084 3.905 0.059 0.5
1082 1085 3.905 0.059 0.5
1083 1087 3.905 0.059 0.5
1084 1088 3.905 0.059 0.5
1085 1089 3.905 0.059 0.5
1087 1090 3.905 0.059 0.5
1088 1092 3.905 0.059 0.5
1089 1093 3.905 0.059 0.5
1090 1094 3.905 0.059 0.5
1092 1095 3.905 0.059 0.5
1093 1097 3.905 0.059 0.5
1094 1098 3.905 0.059 0.5
1095 1099 3.905 0.059 0.5
1097 1100 3.905 0.059 0.5
1098 1102 3.905 0.059 0.5
1099 1103 3.905 0.059 0.5
1100 1104 3.905 0.059 0.5
1102 1105 3.905 0.059 0.5
1103 1107 3.905 0.059 0.5
1104 1108 3.905 0.059 0.5
1105 1109 3.905 0.059 0.5
1107 1110 3.905 0.059 0.5
1108 1112 3.905 0.059 0.5
1109 1113 3.905 0.059 0.5
1110 1114 3.905 0.059 0.5
1112 1115 3.905 0.059 0.5
1113 1117 3.905 0.059 0.5
1114 1118 3.905 0.059 0.5
1115 1119 3.905 0.059 0.5
1117 1120 3.905 0.059 0.5
1118 1122 3.905 0.059 0.5
1119 1123 3.905 0.059 0.5
1120 1124 3.905 0.059 0.5
1122 1125 3.905 0.07185053932 0.5
1127 1130 3.905 0.07185053932 0.5
1128 1132 3.905 0.059 0.5
1129 1133 3.905 0.059 0.5
1130 1134 3.905 0.059 0.5
1132 1135 3.905 0.059 0.5
1133 1137 3.905 0.059 0.5
1134 1138 3.905 0.059 0.5
1135 1139 3.905 0.059 0.5
1137 1140 3.905 0.059 0.5
1138 1142 3.905 0.059 0.5
1139 1143 3.905 0.059 0.5
1140 1144 3.905 0.059 0.5
1142 1145 3.905 0.059 0.5
1143 1147 3.905 0.059 0.5
1144 1148 3.905 0.059 0.5
1145 1149 3.905 0.059 0.5
1147 1150 3.905 0.059 0.5
1148 1152 3.905 0.059 0.5
1149 1153 3.905 0.059 0.5
1150 1154 3.905 0.059 0.5
1152 1155 3.905 0.059 0.5
1153 1157 3.905 0.059 0.5
1154 1158 3.905 0.059 0.5
1155 1159 3.905 0.059 0.5
1157 1160 3.905 0.059 0.5
1158 1162 3.905 0.059 0.5
1159 1163 3.905 0.059 0.5
1160 1164 3.905 0.059 0.5
1162 1165 3.905 0.059 0.5
1163 1167 3.905 0.059 0.5
1164 1168 3.905 0.059 0.5
1165 1169 3.905 0.059 0.5
1167 1170 3.905 0.059 0.5
1168 1172 3.905 0.059 0.5
1169 1173 3.905 0.059 0.5
1170 1174 3.905 0.059 0.5
1172 1175 3.905 0.059 0.5
1173 1177 3.905 0.059 0.5
1174 1178 3.905 0.059 0.5
1175 1179 3.905 0.059 0.5
1177 1180 3.905 0.059 0.5
1178 1182 3.905 0.059 0.5
1179 1183 3.905 0.059 0.5
1180 1184 3.905 0.059 0.5
1182 1185 3.905 0.059 0.5
1183 1187 3.905 0.059 0.5
1184 1188 3.905 0.059 0.5
1185 1189 3.905 0.059 0.5
1187 1190 3.905 0.059 0.5
1188 1192 3.905 0.059 0.5
1189 1193 3.905 0.059 0.5
1190 1194 3.905 0.059 0.5
1192 1195 3.905 0.059 0.5
1193 1197 3.905 0.059 0.5
1194 1198 3.905 0.059 0.5
1195 1199 3.905 0.059 0.5
1197 1200 3.905 0.059 0.5
1198 1202 3.905 0.059 0.5
1199 1203 3.905 0.059 0.5
1200 1204 3.905 0.059 0.5
1202 1205 3.905 0.059 0.5
1203 1207 3.905 0.059 0.5
1204 1208 3.905 0.059 0.5
1205 1209 3.905 0.059 0.5
1207 1210 3.905 0.059 0.5
1208 1212 3.905 0.059 0.5
1209 1213 3.905 0.059 0.5
1210 1214 3.905 0.059 0.5
1212 1215 3.905 0.059 0.5
1213 1217 3.905 0.059 0.5
1214 1218 3.905 0.059 0.5
1215 1219 3.905 0.059 0.5
1217 1220 3.905 0.059 0.5
1218 1222 3.905 0.059 0.5
1219 1223 3.905 0.059 0.5
1220 1224 3.905 0.059 0.5
1222 1225 3.905 0.059 0.5
1223 1227 3.905 0.059 0.5
1224 1228 3.905 0.059 0.5
1225 1229 3.905 0.059 0.5
1227 1230 3.905 0.059 0.5
1228 1232 3.905 0.059 0.5
1229 1233 3.905 0.059 0.5
1230 1234 3.905 0.059 0.5
1232 1235 3.905 0.059 0.5
1233 1237 3.905 0.059 0.5
1234 1238 3.905 0.059 0.5
1235 1239 3.905 0.059 0.5
1237 1240 3.905 0.059 0.5
1238 1242 3.905 0.059 0.5
1239 1243 3.905 0.059 0.5
1240 1244 3.905 0.059 0.5
1242 1245 3.905 0.059 0.5
1243 1247 3.905 0.059 0.5
1244 1248 3.905 0.059 0.5
1245 1249 3.905 0.059 0.5
1247 1250 3.905 0.07185053932 0.5
