# Time-averaged data for fix rdf_out
# TimeStep Number-of-rows
# Row c_rdf_ref[1] c_rdf_ref[2] c_rdf_ref[3] c_rdf_ref[4] c_rdf_ref[5] c_rdf_ref[6] c_rdf_ref[7]
600000 200
1 0.035 0 0 0 0 0 0
2 0.105 0 0 0 0 0 0
3 0.175 0 0 0 0 0 0
4 0.245 0 0 0 0 0 0
5 0.315 0 0 0 0 0 0
6 0.385 0 0 0 0 0 0
7 0.455 0 0 0 0 0 0
8 0.525 0 0 0 0 0 0
9 0.595 0 0 0 0 0 0
10 0.665 0 0 0 0 0 0
11 0.735 0 0 0 0 0 0
12 0.805 0 0 0 0 0 0
13 0.875 0 0 0 0 0 0
14 0.945 0 0 0 0 0 0
15 1.015 0 0 0 0 0 0
16 1.085 0 0 0 0 0 0
17 1.155 0 0 0 0 0 0
18 1.225 0 0 0 0 0 0
19 1.295 0 0 0 0 0 0
20 1.365 0 0 0 0 0 0
21 1.435 0 0 0 0 0 0
22 1.505 0 0 0 0 0 0
23 1.575 0 0 0 0 0 0
24 1.645 0 0 0 0 0 0
25 1.715 0 0 0 0 0 0
26 1.785 0 0 0 0 0 0
27 1.855 0 0 0 0 0 0
28 1.925 0 0 0 0 0 0
29 1.995 0 0 0 0 0 0
30 2.065 0 0 0 0 0 0
31 2.135 0 0 0 0 0 0
32 2.205 0 0 0 0 0 0
33 2.275 0 0 0 0 0 0
34 2.345 0 0 0 0 0 0
35 2.415 0 0 0 0 0 0
36 2.485 0 0 0 0 0 0
37 2.555 0 0 0 0 0 0
38 2.625 0 0 0 0 0 0
39 2.695 0 0 0 0 0 0
40 2.765 0 0 0 0 0 0
41 2.835 0 0 0 0 0 0
42 2.905 0 0 0 0 0 0
43 2.975 0 0 0 0 1.76026e-05 5.10204e-06
44 3.045 0 0 0.000328995 0.0001 0.00019491 6.42857e-05
45 3.115 0 0 0.00204344 0.00075 0.00191708 0.000673469
46 3.185 0.0155103 0.0001 0.0122539 0.004825 0.00968782 0.00389184
47 3.255 0.0891022 0.0007 0.044339 0.020225 0.0335705 0.0155398
48 3.325 0.20636 0.00215 0.108506 0.05955 0.0836978 0.0458429
49 3.395 0.307145 0.0044 0.220528 0.142875 0.166698 0.108764
50 3.465 0.596274 0.00895 0.350814 0.28095 0.273018 0.21611
51 3.535 0.793238 0.01525 0.492009 0.4825 0.39751 0.378783
52 3.605 0.98671 0.0234 0.642677 0.7563 0.516704 0.59869
53 3.675 1.31063 0.03465 0.750448 1.08855 0.61935 0.872618
54 3.745 1.30136 0.04625 0.833584 1.4718 0.695344 1.19198
55 3.815 1.43783 0.05955 0.883446 1.8933 0.740611 1.54498
56 3.885 1.50636 0.074 0.932893 2.35488 0.757305 1.91929
57 3.955 1.61949 0.0901 0.940874 2.83733 0.7606 2.30891
58 4.025 1.43254 0.10485 0.953577 3.34375 0.755211 2.70957
59 4.095 1.50596 0.1209 0.98488 3.88515 0.753145 3.12316
60 4.165 1.59635 0.1385 1.022 4.46633 0.762228 3.55617
61 4.235 1.63613 0.15715 1.01724 5.0644 0.777028 4.01255
62 4.305 1.53242 0.1752 1.04043 5.6965 0.799167 4.49758
63 4.375 1.47966 0.1932 1.04553 6.35253 0.826224 5.01547
64 4.445 1.42945 0.21115 1.06582 7.04285 0.850214 5.56558
65 4.515 1.44336 0.22985 1.08129 7.76542 0.872351 6.14794
66 4.585 1.48569 0.2497 1.08491 8.51307 0.895623 6.76451
67 4.655 1.56842 0.2713 1.0897 9.28712 0.920475 7.41769
68 4.725 1.24391 0.28895 1.10243 10.0939 0.9478 8.11064
69 4.795 1.21128 0.30665 1.12428 10.9413 0.979893 8.84844
70 4.865 1.38941 0.32755 1.14642 11.8308 1.01139 9.63235
71 4.935 1.39872 0.3492 1.14936 12.7484 1.03514 10.4579
72 5.005 1.26566 0.36935 1.16252 13.703 1.05706 11.3251
73 5.075 1.21266 0.3892 1.17414 14.6943 1.06828 12.2261
74 5.145 1.24527 0.41015 1.16408 15.7045 1.07761 13.1602
75 5.215 1.29884 0.4326 1.15701 16.736 1.08078 14.1228
76 5.285 1.3379 0.45635 1.15379 17.7924 1.0848 15.115
77 5.355 1.25925 0.4793 1.16579 18.8883 1.0895 16.1381
78 5.425 1.26439 0.50295 1.1537 20.0013 1.10213 17.2004
79 5.495 1.24802 0.5269 1.15528 21.1449 1.11525 18.3031
80 5.565 1.2727 0.55195 1.16391 22.3265 1.12756 19.4467
81 5.635 1.21651 0.5765 1.16265 23.5366 1.13909 20.6311
82 5.705 1.28352 0.60305 1.16358 24.7781 1.14914 21.8559
83 5.775 1.21249 0.62875 1.15745 26.0435 1.1579 23.1205
84 5.845 1.22738 0.6554 1.15311 27.3349 1.16508 24.424
85 5.915 1.17602 0.68155 1.14337 28.6463 1.16619 25.7602
86 5.985 1.09376 0.70645 1.14657 29.9926 1.16732 27.1295
87 6.055 1.14158 0.73305 1.14372 31.3671 1.16532 28.5286
88 6.125 1.07788 0.75875 1.12567 32.7515 1.16188 29.956
89 6.195 1.03316 0.78395 1.11224 34.1508 1.15551 31.4082
90 6.265 1.15051 0.81265 1.10595 35.5737 1.1468 32.8822
91 6.335 1.10366 0.8408 1.0909 37.0089 1.13802 34.3779
92 6.405 1.04132 0.86795 1.06776 38.4448 1.128 35.8933
93 6.475 1.08085 0.89675 1.06697 39.9112 1.11512 37.4243
94 6.545 0.991737 0.92375 1.05659 41.3949 1.10597 38.9757
95 6.615 1.03918 0.95265 1.04459 42.8933 1.09804 40.5492
96 6.685 1.04394 0.9823 1.02823 44.3996 1.08788 42.1412
97 6.755 1.01724 1.0118 1.01368 45.9159 1.0818 43.7577
98 6.825 0.989725 1.0411 1.01439 47.4648 1.07393 45.3959
99 6.895 1.07068 1.07345 1.00335 49.0284 1.06482 47.0537
100 6.965 1.08008 1.10675 0.990763 50.604 1.05806 48.7345
101 7.035 1.03961 1.13945 0.985722 52.2032 1.05024 50.4367
102 7.105 0.986502 1.1711 0.976154 53.8186 1.03931 52.1548
103 7.175 0.887881 1.20015 0.961541 55.4412 1.03091 53.8927
104 7.245 0.941251 1.23155 0.96098 57.0947 1.02108 55.6479
105 7.315 0.989485 1.2652 0.952824 58.7661 1.01272 57.4225
106 7.385 0.931868 1.2975 0.942747 60.4515 1.00087 59.21
107 7.455 0.894632 1.3291 0.943294 62.1701 0.991522 61.0146
108 7.525 0.960037 1.36365 0.933826 63.9035 0.982461 62.8364
109 7.595 0.911053 1.39705 0.931474 65.6648 0.972092 64.6727
110 7.665 0.940017 1.43215 0.918913 67.4346 0.963811 66.527
111 7.735 0.987512 1.4697 0.920686 69.2403 0.956308 68.4007
112 7.805 0.913055 1.50505 0.919895 71.0773 0.949741 70.2953
113 7.875 0.919729 1.5413 0.917756 72.943 0.942768 72.2099
114 7.945 0.903594 1.57755 0.916625 74.8397 0.938604 74.1501
115 8.015 0.912373 1.6148 0.916877 76.7705 0.935395 76.1179
116 8.085 0.889422 1.65175 0.912561 78.726 0.931471 78.1118
117 8.155 0.913256 1.69035 0.91578 80.7224 0.930732 80.1388
118 8.225 0.955924 1.73145 0.91479 82.7511 0.929057 82.197
119 8.295 0.863252 1.7692 0.919278 84.8245 0.927468 84.2868
120 8.365 0.927568 1.81045 0.921407 86.9381 0.926454 86.4097
121 8.435 0.950937 1.85345 0.93366 89.1156 0.926611 88.5687
122 8.505 0.880968 1.89395 0.92757 91.3151 0.926853 90.7642
123 8.575 0.905161 1.93625 0.941103 93.5835 0.929186 93.0016
124 8.645 0.891614 1.9786 0.942129 95.8917 0.930084 95.2779
125 8.715 0.923961 2.0232 0.952128 98.2622 0.932306 97.5967
126 8.785 0.996963 2.0721 0.956226 100.681 0.934258 99.9579
127 8.855 0.997317 2.1218 0.968401 103.17 0.938835 102.369
128 8.925 0.88198 2.16645 0.971002 105.706 0.940511 104.822
129 8.995 0.990822 2.2174 0.976779 108.297 0.945045 107.326
130 9.065 1.01579 2.27045 0.984731 110.949 0.949466 109.881
131 9.135 0.987083 2.3228 0.991777 113.662 0.954493 112.489
132 9.205 1.00555 2.37695 0.994698 116.425 0.958237 115.148
133 9.275 0.948364 2.4288 0.999528 119.244 0.962827 117.86
134 9.345 1.03691 2.48635 1.00866 122.131 0.967042 120.626
135 9.415 0.989597 2.5421 1.00876 125.062 0.972423 123.449
136 9.485 1.0004 2.5993 1.01496 128.056 0.977937 126.33
137 9.555 0.971151 2.65565 1.01626 131.097 0.98354 129.27
138 9.625 0.962172 2.7123 1.02216 134.201 0.986793 132.264
139 9.695 0.975112 2.77055 1.0287 137.371 0.991582 135.316
140 9.765 1.02389 2.8326 1.02856 140.586 0.997004 138.429
141 9.835 1.01668 2.8951 1.03652 143.873 1.00013 141.597
142 9.905 0.96708 2.9554 1.0389 147.214 1.0049 144.826
143 9.975 0.970159 3.01675 1.03559 150.592 1.00891 148.113
144 10.045 1.00737 3.08135 1.04605 154.051 1.01152 151.456
145 10.115 0.985781 3.14545 1.05005 157.573 1.01686 154.863
146 10.185 1.01323 3.21225 1.04349 161.122 1.02056 158.33
147 10.255 1.00393 3.27935 1.04315 164.718 1.02352 161.854
148 10.325 0.982251 3.3459 1.04303 168.363 1.02557 165.435
149 10.395 0.98654 3.41365 1.04789 172.074 1.02757 169.071
150 10.465 0.964048 3.48075 1.04631 175.831 1.03184 172.771
151 10.535 1.03067 3.55345 1.04259 179.624 1.0326 176.524
152 10.605 0.968842 3.6227 1.04506 183.477 1.03563 180.338
153 10.675 0.999671 3.6951 1.04424 187.378 1.03522 184.202
154 10.745 1.00986 3.7692 1.03745 191.304 1.03623 188.119
155 10.815 0.966559 3.84105 1.03913 195.288 1.0373 192.093
156 10.885 1.00662 3.91685 1.03777 199.319 1.03803 196.12
157 10.955 1.00757 3.9937 1.03744 203.4 1.03744 200.197
158 11.025 0.992224 4.07035 1.02964 207.503 1.03711 204.326
159 11.095 0.972713 4.14645 1.03056 211.661 1.03587 208.501
160 11.165 0.966234 4.223 1.03062 215.873 1.03514 212.727
161 11.235 0.919951 4.2968 1.0262 220.119 1.03452 217.003
162 11.305 0.89382 4.3694 1.02552 224.415 1.03405 221.331
163 11.375 0.960072 4.44835 1.01971 228.741 1.03117 225.7
164 11.445 0.899114 4.5232 1.02003 233.12 1.03059 230.121
165 11.515 0.924409 4.6011 1.01591 237.536 1.02886 234.588
166 11.585 0.893928 4.67735 1.01119 241.985 1.02631 239.099
167 11.655 0.949247 4.7593 1.00544 246.462 1.02458 243.657
168 11.725 0.964271 4.84355 1.00692 251 1.02196 248.257
169 11.795 0.900268 4.92315 1.00246 255.572 1.01911 252.9
170 11.865 0.913707 5.0049 1.00247 260.198 1.01705 257.589
171 11.935 0.935054 5.08955 0.996838 264.852 1.01539 262.325
172 12.005 0.898525 5.17185 0.998931 269.572 1.01201 267.102
173 12.075 0.896771 5.25495 0.99764 274.34 1.00864 271.918
174 12.145 0.912599 5.3405 0.990945 279.131 1.00771 276.785
175 12.215 0.937496 5.4294 0.99063 283.977 1.00569 281.699
176 12.285 0.913811 5.51705 0.993745 288.893 1.00291 286.656
177 12.355 0.930286 5.6073 0.992134 293.857 1.00095 291.659
178 12.425 0.938689 5.6994 0.986292 298.849 0.998749 296.708
179 12.495 0.929713 5.79165 0.988954 303.91 0.996134 301.801
180 12.565 0.910413 5.883 0.980227 308.983 0.994611 306.944
181 12.635 0.920065 5.97635 0.987874 314.153 0.992946 312.134
182 12.705 0.914829 6.0702 0.984852 319.364 0.990001 317.368
183 12.775 0.898082 6.16335 0.982135 324.618 0.988705 322.652
184 12.845 0.931234 6.261 0.980991 329.924 0.986375 327.981
185 12.915 0.934374 6.36005 0.986837 335.32 0.98595 333.366
186 12.985 0.916861 6.4583 0.98752 340.778 0.984055 338.8
187 13.055 0.929212 6.55895 0.982852 346.269 0.98347 344.289
188 13.125 0.938508 6.6617 0.982286 351.816 0.982536 349.832
189 13.195 0.910503 6.76245 0.983719 357.431 0.981813 355.429
190 13.265 0.900471 6.86315 0.986379 363.12 0.981506 361.085
191 13.335 0.946346 6.9701 0.987601 368.877 0.981195 366.799
192 13.405 0.948747 7.07845 0.986519 374.688 0.980887 372.571
193 13.475 0.917685 7.18435 0.987292 380.565 0.980496 378.401
194 13.545 0.948961 7.295 0.991684 386.529 0.980281 384.29
195 13.615 0.896363 7.4006 0.990708 392.549 0.981094 390.246
196 13.685 0.892677 7.50685 0.994391 398.653 0.981534 396.266
197 13.755 0.9069 7.6159 0.992338 404.808 0.982109 402.35
198 13.825 0.926141 7.7284 0.996132 411.049 0.982993 408.503
199 13.895 0.918056 7.84105 0.997951 417.365 0.983691 414.722
200 13.965 0.911699 7.95405 1.0013 423.766 0.984555 421.01
800000 200
1 0.035 0 0 0 0 0 0
2 0.105 0 0 0 0 0 0
3 0.175 0 0 0 0 0 0
4 0.245 0 0 0 0 0 0
5 0.315 0 0 0 0 0 0
6 0.385 0 0 0 0 0 0
7 0.455 0 0 0 0 0 0
8 0.525 0 0 0 0 0 0
9 0.595 0 0 0 0 0 0
10 0.665 0 0 0 0 0 0
11 0.735 0 0 0 0 0 0
12 0.805 0 0 0 0 0 0
13 0.875 0 0 0 0 0 0
14 0.945 0 0 0 0 0 0
15 1.015 0 0 0 0 0 0
16 1.085 0 0 0 0 0 0
17 1.155 0 0 0 0 0 0
18 1.225 0 0 0 0 0 0
19 1.295 0 0 0 0 0 0
20 1.365 0 0 0 0 0 0
21 1.435 0 0 0 0 0 0
22 1.505 0 0 0 0 0 0
23 1.575 0 0 0 0 0 0
24 1.645 0 0 0 0 0 0
25 1.715 0 0 0 0 0 0
26 1.785 0 0 0 0 0 0
27 1.855 0 0 0 0 0 0
28 1.925 0 0 0 0 0 0
29 1.995 0 0 0 0 0 0
30 2.065 0 0 0 0 0 0
31 2.135 0 0 0 0 0 0
32 2.205 0 0 0 0 0 0
33 2.275 0 0 0 0 0 0
34 2.345 0 0 0 0 0 0
35 2.415 0 0 0 0 0 0
36 2.485 0 0 0 0 0 0
37 2.555 0 0 0 0 0 0
38 2.625 0 0 0 0 0 0
39 2.695 0 0 0 0 0 0
40 2.765 0 0 0 0 0 0
41 2.835 0 0 0 0 0 0
42 2.905 0 0 0 0 0 0
43 2.975 0 0 0 0 1.40821e-05 4.08163e-06
44 3.045 0 0 0.000328995 0.0001 0.000208353 6.73469e-05
45 3.115 0 0 0.00243641 0.000875 0.00176616 0.000628571
46 3.185 0.0155103 0.0001 0.0145844 0.005725 0.00992126 0.00392449
47 3.255 0.0594015 0.0005 0.0465703 0.0219 0.033 0.0153745
48 3.325 0.149433 0.00155 0.110575 0.061975 0.0838613 0.0457367
49 3.395 0.279843 0.0036 0.210736 0.1416 0.164611 0.10787
50 3.465 0.373491 0.00645 0.349925 0.279325 0.273031 0.215221
51 3.535 0.749169 0.0124 0.503177 0.48545 0.395171 0.376937
52 3.605 0.841427 0.01935 0.635577 0.756225 0.516735 0.596857
53 3.675 0.932005 0.02735 0.756716 1.09125 0.617941 0.870162
54 3.745 1.22844 0.0383 0.856313 1.48495 0.694938 1.18934
55 3.815 1.13513 0.0488 0.904562 1.91652 0.741442 1.54273
56 3.885 1.31872 0.06145 0.940624 2.38193 0.756345 1.91657
57 3.955 1.26742 0.07405 0.963789 2.87612 0.758002 2.30485
58 4.025 1.23829 0.0868 0.97702 3.395 0.753259 2.70448
59 4.095 1.19632 0.09955 0.996386 3.94272 0.752481 3.11771
60 4.165 1.2018 0.1128 1.0125 4.5185 0.760193 3.54956
61 4.235 1.23697 0.1269 1.03084 5.12458 0.777102 4.00599
62 4.305 1.5027 0.1446 1.04574 5.7599 0.799579 4.49127
63 4.375 1.4139 0.1618 1.06968 6.43108 0.825303 5.00858
64 4.445 1.11489 0.1758 1.07833 7.1295 0.84891 5.55785
65 4.515 1.07287 0.1897 1.0762 7.84868 0.874493 6.14163
66 4.585 1.30232 0.2071 1.11176 8.61482 0.895328 6.75801
67 4.655 1.29612 0.22495 1.11317 9.40555 0.921274 7.41175
68 4.725 1.14172 0.24115 1.13949 10.2395 0.947211 8.10427
69 4.795 1.17364 0.2583 1.14514 11.1026 0.979503 8.84177
70 4.865 1.28969 0.2777 1.1636 12.0054 1.00765 9.62278
71 4.935 1.17906 0.29595 1.17945 12.947 1.03372 10.4472
72 5.005 1.18086 0.31475 1.17936 13.9155 1.05523 11.3129
73 5.075 1.16073 0.33375 1.19374 14.9233 1.06829 12.2139
74 5.145 1.08181 0.35195 1.19096 15.9568 1.07561 13.1463
75 5.215 1.04718 0.37005 1.17939 17.0083 1.07767 14.1061
76 5.285 1.05342 0.38875 1.17118 18.0806 1.08246 15.0962
77 5.355 1.03703 0.40765 1.18371 19.1933 1.08887 16.1187
78 5.425 1.14945 0.42915 1.17909 20.3309 1.09855 17.1775
79 5.495 1.03437 0.449 1.17417 21.4931 1.11116 18.2762
80 5.565 1.03391 0.46935 1.17484 22.6858 1.12345 19.4156
81 5.635 1.07528 0.49105 1.18217 23.9163 1.13537 20.5962
82 5.705 1.01763 0.5121 1.1775 25.1726 1.14611 21.8177
83 5.775 1.01906 0.5337 1.17471 26.4569 1.15464 23.0788
84 5.845 0.97868 0.55495 1.16824 27.7653 1.1605 24.3771
85 5.915 1.04785 0.57825 1.16587 29.1024 1.16565 25.7127
86 5.985 0.957589 0.60005 1.15389 30.4573 1.16534 27.0796
87 6.055 1.0257 0.62395 1.14176 31.8296 1.16341 28.4764
88 6.125 1.02756 0.64845 1.13322 33.2232 1.16122 29.903
89 6.195 0.996265 0.67275 1.12532 34.6389 1.1541 31.3535
90 6.265 1.08236 0.69975 1.11294 36.0709 1.14682 32.8276
91 6.335 0.913512 0.72305 1.09844 37.5159 1.13803 34.3232
92 6.405 0.951185 0.74785 1.07889 38.9668 1.12587 35.8357
93 6.475 0.938236 0.77285 1.07417 40.4431 1.11648 37.3686
94 6.545 0.898073 0.7973 1.05134 41.9195 1.10715 38.9217
95 6.615 0.900741 0.82235 1.04294 43.4155 1.09929 40.497
96 6.685 0.975279 0.85005 1.02695 44.9199 1.08735 42.0883
97 6.755 0.856895 0.8749 1.01486 46.4379 1.07983 43.7018
98 6.825 0.841097 0.8998 1.00295 47.9694 1.07284 45.3383
99 6.895 0.872096 0.92615 1.00258 49.5318 1.06694 46.9994
100 6.965 0.862763 0.95275 0.990417 51.1069 1.05837 48.6807
101 7.035 0.869524 0.9801 0.982086 52.7001 1.05163 50.3851
102 7.105 0.793254 1.00555 0.970021 54.3053 1.04086 52.1058
103 7.175 0.803831 1.03185 0.968667 55.9401 1.03236 53.8462
104 7.245 0.860316 1.06055 0.965179 57.6008 1.02106 55.6013
105 7.315 0.808643 1.08805 0.954947 59.2758 1.01271 57.3758
106 7.385 0.741455 1.11375 0.939447 60.9554 1.00285 59.1669
107 7.455 0.765817 1.1408 0.944735 62.6766 0.993017 60.9742
108 7.525 0.801652 1.16965 0.931699 64.406 0.983074 62.7972
109 7.595 0.81422 1.1995 0.927362 66.1596 0.973538 64.6362
110 7.665 0.856996 1.2315 0.918744 67.929 0.96621 66.4951
111 7.735 0.806052 1.26215 0.919105 69.7317 0.958739 68.3736
112 7.805 0.770995 1.292 0.914536 71.5579 0.95195 70.2726
113 7.875 0.824585 1.3245 0.911078 73.4101 0.945541 72.1929
114 7.945 0.815104 1.3572 0.913206 75.2997 0.941278 74.1386
115 8.015 0.808277 1.3902 0.910027 77.2161 0.938353 76.1126
116 8.085 0.836466 1.42495 0.906098 79.1577 0.934916 78.1139
117 8.155 0.848193 1.4608 0.912948 81.1479 0.932793 80.1454
118 8.225 0.866379 1.49805 0.917462 83.1825 0.930826 82.2075
119 8.295 0.876973 1.5364 0.913238 85.2424 0.929433 84.3017
120 8.365 0.857859 1.57455 0.925548 87.3654 0.929035 86.4305
121 8.435 0.919976 1.61615 0.922577 89.5171 0.930657 88.5989
122 8.505 0.911421 1.65805 0.934296 91.7326 0.929884 90.8016
123 8.575 0.924419 1.70125 0.935513 93.9875 0.930791 93.0429
124 8.645 0.906352 1.7443 0.93668 96.2823 0.93124 95.322
125 8.715 0.940535 1.7897 0.953022 98.6551 0.933944 97.6449
126 8.785 1.04691 1.84105 0.954625 101.07 0.935734 100.01
127 8.855 0.885946 1.8852 0.958558 103.534 0.937075 102.416
128 8.925 1.04396 1.93805 0.967574 106.061 0.940859 104.87
129 8.995 0.961652 1.9875 0.972989 108.641 0.946696 107.379
130 9.065 0.94207 2.0367 0.977195 111.273 0.950426 109.936
131 9.135 1.02951 2.0913 0.984548 113.967 0.953239 112.541
132 9.205 1.02969 2.14675 0.995517 116.732 0.957878 115.199
133 9.275 0.974885 2.20005 0.995068 119.538 0.962739 117.911
134 9.345 1.027 2.25705 1.00482 122.414 0.967969 120.679
135 9.415 1.05261 2.31635 1.00877 125.346 0.971573 123.5
136 9.485 1.10622 2.3796 1.01561 128.341 0.976008 126.375
137 9.555 1.0375 2.4398 1.01338 131.374 0.981889 129.311
138 9.625 1.05219 2.50175 1.02824 134.496 0.985885 132.301
139 9.695 1.03035 2.5633 1.01941 137.637 0.991586 135.354
140 9.765 1.06514 2.62785 1.02728 140.848 0.99546 138.462
141 9.835 1.02888 2.6911 1.03194 144.12 0.998761 141.626
142 9.905 1.05449 2.75685 1.03471 147.448 1.0039 144.851
143 9.975 1.07848 2.82505 1.03704 150.831 1.00596 148.129
144 10.045 1.00659 2.8896 1.0402 154.271 1.00964 151.465
145 10.115 1.06037 2.95855 1.04616 157.78 1.01476 154.865
146 10.185 1.0375 3.02695 1.0454 161.335 1.01681 158.319
147 10.255 1.07426 3.09875 1.04157 164.925 1.02098 161.835
148 10.325 1.04793 3.16975 1.0489 168.591 1.02308 165.407
149 10.395 1.03241 3.24065 1.04444 172.291 1.02522 169.034
150 10.465 1.08042 3.31585 1.04717 176.05 1.02973 172.727
151 10.535 1.06753 3.39115 1.05047 179.872 1.03045 176.473
152 10.605 0.987729 3.46175 1.04481 183.724 1.03198 180.273
153 10.675 1.06319 3.53875 1.0486 187.641 1.0328 184.127
154 10.745 1.02894 3.61425 1.04069 191.579 1.03489 188.04
155 10.815 1.05669 3.6928 1.04104 195.571 1.03593 192.008
156 10.885 1.06572 3.77305 1.039 199.606 1.03533 196.025
157 10.955 1.03575 3.85205 1.0369 203.686 1.03564 200.095
158 11.025 1.02523 3.93125 1.03412 207.806 1.0356 204.217
159 11.095 0.989329 4.00865 1.03444 211.98 1.03432 208.387
160 11.165 0.960554 4.08475 1.03123 216.194 1.03446 212.61
161 11.235 0.982902 4.1636 1.0315 220.462 1.03337 216.881
162 11.305 1.00524 4.24525 1.02508 224.757 1.03356 221.207
163 11.375 0.96068 4.32425 1.02425 229.101 1.03179 225.579
164 11.445 0.9838 4.40615 1.01723 233.469 1.02967 229.996
165 11.515 0.983149 4.489 1.01885 237.898 1.02872 234.462
166 11.585 0.970132 4.57175 1.01542 242.365 1.026 238.972
167 11.655 0.978784 4.65625 1.01166 246.87 1.02558 243.534
168 11.725 0.963698 4.74045 1.00636 251.405 1.0228 248.138
169 11.795 0.956252 4.825 1.0049 255.988 1.02106 252.79
170 11.865 0.943326 4.9094 0.996814 260.588 1.0186 257.486
171 11.935 0.983105 4.9984 0.997362 265.245 1.01697 262.23
172 12.005 0.962394 5.08655 0.996941 269.955 1.01411 267.016
173 12.075 0.980944 5.17745 0.99378 274.705 1.01232 271.85
174 12.145 0.932867 5.2649 0.987719 279.481 1.00957 276.726
175 12.215 0.956478 5.3556 0.989419 284.32 1.00723 281.648
176 12.285 0.940918 5.44585 0.985033 289.193 1.00512 286.615
177 12.355 0.959664 5.53895 0.984724 294.121 1.00231 291.625
178 12.425 0.951939 5.63235 0.985931 299.11 1.00045 296.683
179 12.495 0.932232 5.72485 0.983581 304.144 0.998328 301.787
180 12.565 0.942803 5.81945 0.98328 309.233 0.995557 306.934
181 12.635 0.933864 5.9142 0.975353 314.337 0.993973 312.131
182 12.705 0.936761 6.0103 0.979999 319.523 0.99201 317.375
183 12.775 0.916882 6.1054 0.975738 324.743 0.991342 322.673
184 12.845 0.944585 6.20445 0.977483 330.029 0.989472 328.019
185 12.915 0.948995 6.30505 0.976024 335.366 0.98769 333.414
186 12.985 0.954656 6.40735 0.977416 340.768 0.986982 338.863
187 13.055 0.936136 6.50875 0.974829 346.215 0.985075 344.361
188 13.125 0.964083 6.6143 0.980781 351.753 0.9845 349.915
189 13.195 0.929481 6.71715 0.978261 357.336 0.982819 355.519
190 13.265 0.967537 6.82535 0.975756 362.965 0.982615 361.181
191 13.335 0.977758 6.93585 0.978448 368.668 0.982815 366.904
192 13.405 0.938239 7.043 0.978935 374.435 0.982025 372.682
193 13.475 0.98311 7.15645 0.984133 380.292 0.982437 378.524
194 13.545 0.938241 7.26585 0.983694 386.208 0.98209 384.425
195 13.615 0.934135 7.3759 0.984952 392.193 0.981865 390.385
196 13.685 0.972913 7.4917 0.985864 398.246 0.982478 396.41
197 13.755 0.984243 7.61005 0.985062 404.355 0.983245 402.502
198 13.825 0.997763 7.73125 0.993586 410.58 0.98354 408.658
199 13.895 0.954729 7.8484 0.988795 416.838 0.983864 414.879
200 13.965 0.962125 7.96765 0.99487 423.199 0.984862 421.168
1000000 200
1 0.035 0 0 0 0 0 0
2 0.105 0 0 0 0 0 0
3 0.175 0 0 0 0 0 0
4 0.245 0 0 0 0 0 0
5 0.315 0 0 0 0 0 0
6 0.385 0 0 0 0 0 0
7 0.455 0 0 0 0 0 0
8 0.525 0 0 0 0 0 0
9 0.595 0 0 0 0 0 0
10 0.665 0 0 0 0 0 0
11 0.735 0 0 0 0 0 0
12 0.805 0 0 0 0 0 0
13 0.875 0 0 0 0 0 0
14 0.945 0 0 0 0 0 0
15 1.015 0 0 0 0 0 0
16 1.085 0 0 0 0 0 0
17 1.155 0 0 0 0 0 0
18 1.225 0 0 0 0 0 0
19 1.295 0 0 0 0 0 0
20 1.365 0 0 0 0 0 0
21 1.435 0 0 0 0 0 0
22 1.505 0 0 0 0 0 0
23 1.575 0 0 0 0 0 0
24 1.645 0 0 0 0 0 0
25 1.715 0 0 0 0 0 0
26 1.785 0 0 0 0 0 0
27 1.855 0 0 0 0 0 0
28 1.925 0 0 0 0 0 0
29 1.995 0 0 0 0 0 0
30 2.065 0 0 0 0 0 0
31 2.135 0 0 0 0 0 0
32 2.205 0 0 0 0 0 0
33 2.275 0 0 0 0 0 0
34 2.345 0 0 0 0 0 0
35 2.415 0 0 0 0 0 0
36 2.485 0 0 0 0 0 0
37 2.555 0 0 0 0 0 0
38 2.625 0 0 0 0 0 0
39 2.695 0 0 0 0 0 0
40 2.765 0 0 0 0 0 0
41 2.835 0 0 0 0 0 0
42 2.905 0 0 0 0 3.69222e-06 1.02041e-06
43 2.975 0 0 0 0 1.76026e-05 6.12245e-06
44 3.045 0 0 0.000493493 0.00015 0.00019155 6.42857e-05
45 3.115 0.00810759 5e-05 0.00227922 0.000875 0.00188176 0.000662245
46 3.185 0.0155103 0.00015 0.0140582 0.00555 0.00948203 0.00381224
47 3.255 0.0668267 0.0006 0.0421076 0.020175 0.0339646 0.0155969
48 3.325 0.0996219 0.0013 0.111748 0.060675 0.0840135 0.0460143
49 3.395 0.334447 0.00375 0.221918 0.144525 0.16735 0.109182
50 3.465 0.465225 0.0073 0.359135 0.285875 0.27662 0.217944
51 3.535 0.749169 0.01325 0.5069 0.493525 0.401704 0.382333
52 3.605 0.853534 0.0203 0.655939 0.772975 0.520725 0.603951
53 3.675 1.03686 0.0292 0.763097 1.11083 0.626498 0.881041
54 3.745 1.23966 0.04025 0.854899 1.50388 0.699876 1.20249
55 3.815 1.09188 0.05035 0.926046 1.9457 0.743784 1.55699
56 3.885 1.21447 0.062 0.960835 2.4211 0.762065 1.93366
57 3.955 1.24228 0.07435 0.979244 2.92323 0.760429 2.32319
58 4.025 1.25772 0.0873 0.99312 3.45065 0.753541 2.72297
59 4.095 1.32299 0.1014 1.01976 4.01122 0.751 3.13538
60 4.165 1.23808 0.11505 1.02424 4.59368 0.760245 3.56726
61 4.235 1.37295 0.1307 1.05534 5.21415 0.777406 4.02387
62 4.305 1.2565 0.1455 1.08088 5.87083 0.79585 4.50688
63 4.375 1.24538 0.16065 1.08123 6.54925 0.82044 5.02114
64 4.445 1.17461 0.1754 1.10064 7.26213 0.844186 5.56736
65 4.515 1.16935 0.19055 1.09498 7.99385 0.862961 6.14345
66 4.585 1.21251 0.20675 1.11143 8.75977 0.889634 6.7559
67 4.655 1.14364 0.2225 1.10648 9.54575 0.911331 7.40259
68 4.725 1.16286 0.239 1.13498 10.3764 0.941148 8.09067
69 4.795 1.10521 0.25515 1.14153 11.2368 0.972259 8.82272
70 4.865 0.997181 0.27015 1.1587 12.1358 1.00245 9.5997
71 4.935 1.09185 0.28705 1.18208 13.0795 1.03011 10.4213
72 5.005 1.07094 0.3041 1.17625 14.0454 1.05001 11.2826
73 5.075 1.05687 0.3214 1.17835 15.0403 1.06257 12.1788
74 5.145 0.992647 0.3381 1.17972 16.064 1.07021 13.1066
75 5.215 1.08189 0.3568 1.179 17.1151 1.07381 14.0629
76 5.285 1.04779 0.3754 1.17943 18.195 1.07812 15.049
77 5.355 1.0919 0.3953 1.18026 19.3045 1.08401 16.067
78 5.425 0.986386 0.41375 1.17495 20.438 1.09505 17.1224
79 5.495 0.964021 0.43225 1.18357 21.6095 1.10813 18.2181
80 5.565 1.00089 0.45195 1.1712 22.7985 1.11993 19.3539
81 5.635 0.951401 0.47115 1.18095 24.0278 1.13267 20.5317
82 5.705 0.95237 0.49085 1.18933 25.2967 1.14425 21.7513
83 5.775 0.953011 0.51105 1.1791 26.5858 1.15281 23.0103
84 5.845 0.934927 0.53135 1.16521 27.8907 1.16013 24.3083
85 5.915 0.876952 0.55085 1.15708 29.2178 1.16375 25.6416
86 5.985 0.935626 0.57215 1.16124 30.5814 1.16414 27.0072
87 6.055 0.909827 0.59335 1.14334 31.9555 1.16149 28.4017
88 6.125 0.912217 0.6151 1.13228 33.348 1.16006 29.8269
89 6.195 0.840471 0.6356 1.12478 34.763 1.15359 31.2767
90 6.265 0.811773 0.65585 1.11626 36.1992 1.14608 32.7498
91 6.335 0.776289 0.67565 1.10441 37.6522 1.13848 34.246
92 6.405 0.83804 0.6975 1.09525 39.1251 1.12787 35.7612
93 6.475 0.788119 0.7185 1.07043 40.5962 1.11803 37.2963
94 6.545 0.78788 0.73995 1.05921 42.0836 1.10643 38.8484
95 6.615 0.728144 0.7602 1.04454 43.5819 1.0993 40.4236
96 6.685 0.756986 0.7817 1.04166 45.1079 1.08951 42.0181
97 6.755 0.763792 0.80385 1.03205 46.6516 1.08232 43.6354
98 6.825 0.73976 0.82575 1.02254 48.213 1.07597 45.2766
99 6.895 0.746329 0.8483 1.0075 49.7831 1.06966 46.9419
100 6.965 0.733025 0.8709 1.00122 51.3753 1.06195 48.6289
101 7.035 0.710562 0.89325 0.996278 52.9916 1.05458 50.3381
102 7.105 0.716889 0.91625 0.985672 54.6227 1.04591 52.0671
103 7.175 0.672406 0.93825 0.973674 56.2659 1.03602 53.8137
104 7.245 0.723924 0.9624 0.966646 57.9291 1.02678 55.5787
105 7.315 0.785119 0.9891 0.958852 59.611 1.01641 57.3597
106 7.385 0.682312 1.01275 0.953319 61.3154 1.00777 59.1596
107 7.455 0.729012 1.0385 0.948097 63.0427 0.997854 60.9757
108 7.525 0.693283 1.06345 0.943335 64.7938 0.987341 62.8065
109 7.595 0.810128 1.09315 0.939657 66.5706 0.979324 64.6565
110 7.665 0.760584 1.12155 0.93179 68.3652 0.969581 66.5219
111 7.735 0.740305 1.1497 0.925721 70.1807 0.963851 68.4104
112 7.805 0.79295 1.1804 0.923575 72.0251 0.954466 70.3144
113 7.875 0.731978 1.20925 0.928098 73.9118 0.949549 72.2428
114 7.945 0.791424 1.241 0.921627 75.8189 0.946418 74.1992
115 8.015 0.744594 1.2714 0.916366 77.7486 0.940465 76.1776
116 8.085 0.797952 1.30455 0.918126 79.7159 0.937868 78.1852
117 8.155 0.794959 1.33815 0.919806 81.7212 0.93499 80.2215
118 8.225 0.810558 1.373 0.928217 83.7796 0.933238 82.289
119 8.295 0.799223 1.40795 0.930672 85.8788 0.931729 84.3884
120 8.365 0.806141 1.4438 0.929886 88.0118 0.931056 86.5218
121 8.435 0.82046 1.4809 0.93917 90.2022 0.930111 88.6889
122 8.505 0.858128 1.52035 0.937849 92.426 0.929127 90.8898
123 8.575 0.837755 1.5595 0.943593 94.7004 0.930726 93.1309
124 8.645 0.876877 1.60115 0.945548 97.017 0.931908 95.4117
125 8.715 0.892886 1.64425 0.951074 99.3849 0.933514 97.7335
126 8.785 0.90114 1.68845 0.958173 101.809 0.934886 100.096
127 8.855 0.874909 1.73205 0.96561 104.291 0.937315 102.503
128 8.925 0.969882 1.78115 0.972179 106.829 0.942455 104.961
129 8.995 0.82844 1.82375 0.973103 109.41 0.944595 107.464
130 9.065 0.931539 1.8724 0.983766 112.06 0.946692 110.012
131 9.135 0.861694 1.9181 0.988295 114.764 0.951231 112.611
132 9.205 0.940558 1.96875 0.991512 117.518 0.95502 115.261
133 9.275 0.913612 2.0187 0.998872 120.335 0.959645 117.965
134 9.345 0.898174 2.06855 1.00258 123.205 0.96484 120.724
135 9.415 0.889306 2.11865 1.01175 126.145 0.968232 123.534
136 9.485 0.968048 2.174 1.01608 129.141 0.973162 126.401
137 9.555 0.903075 2.2264 1.021 132.197 0.977152 129.323
138 9.625 0.935846 2.2815 1.02508 135.31 0.981814 132.301
139 9.695 0.960883 2.3389 1.03644 138.503 0.986408 135.338
140 9.765 0.976858 2.3981 1.03056 141.725 0.991698 138.434
141 9.835 1.01424 2.46045 1.03404 145.003 0.99603 141.589
142 9.905 0.938212 2.51895 1.03645 148.337 0.998146 144.796
143 9.975 0.95909 2.5796 1.03819 151.723 1.00294 148.064
144 10.045 0.952007 2.64065 1.04296 155.173 1.00562 151.387
145 10.115 0.971171 2.7038 1.04021 158.661 1.00928 154.768
146 10.185 1.01854 2.77095 1.04307 162.208 1.01377 158.212
147 10.255 0.965034 2.83545 1.04679 165.817 1.01672 161.714
148 10.325 0.949779 2.8998 1.04364 169.464 1.01971 165.274
149 10.395 0.955961 2.96545 1.04346 173.16 1.02383 168.896
150 10.465 0.975541 3.03335 1.04204 176.901 1.02468 172.571
151 10.535 0.934266 3.09925 1.04646 180.708 1.02719 176.305
152 10.605 1.01151 3.17155 1.0415 184.548 1.02981 180.097
153 10.675 0.988625 3.24315 1.04388 188.448 1.0308 183.944
154 10.745 1.00781 3.3171 1.0415 192.389 1.03277 187.849
155 10.815 0.952434 3.3879 1.04142 196.382 1.0338 191.809
156 10.885 0.999983 3.4632 1.03512 200.403 1.033 195.817
157 10.955 0.943323 3.53515 1.03827 204.487 1.03437 199.882
158 11.025 0.977337 3.61065 1.0381 208.624 1.03407 203.998
159 11.095 0.936284 3.6839 1.03586 212.804 1.03473 208.169
160 11.165 0.918901 3.7567 1.02755 217.003 1.03488 212.394
161 11.235 0.897513 3.8287 1.02988 221.264 1.03228 216.66
162 11.305 0.933217 3.9045 1.02785 225.57 1.03189 220.979
163 11.375 0.927239 3.98075 1.02152 229.903 1.03172 225.351
164 11.445 0.940556 4.05905 1.0163 234.267 1.03054 229.771
165 11.515 0.973062 4.14105 1.01373 238.673 1.02852 234.237
166 11.585 1.03051 4.22895 1.00907 243.113 1.02752 238.753
167 11.655 0.941138 4.3102 1.01266 247.622 1.02536 243.314
168 11.725 0.939091 4.39225 1.00429 252.148 1.02441 247.926
169 11.795 0.940984 4.47545 1.00656 256.738 1.0216 252.58
170 11.865 0.957856 4.56115 0.998802 261.347 1.02028 257.284
171 11.935 0.968745 4.64885 1.00057 266.02 1.01818 262.033
172 12.005 0.96021 4.7368 0.992285 270.707 1.01576 266.827
173 12.075 0.99875 4.82935 0.99265 275.452 1.01465 271.672
174 12.145 0.937667 4.91725 0.994301 280.26 1.01173 276.559
175 12.215 0.962278 5.0085 0.987006 285.087 1.00963 281.492
176 12.285 0.982621 5.10275 0.988292 289.976 1.00748 286.471
177 12.355 0.965848 5.19645 0.983116 294.896 1.0053 291.497
178 12.425 0.987101 5.2933 0.984672 299.879 1.00349 296.57
179 12.495 0.973553 5.3899 0.980152 304.895 1.00158 301.69
180 12.565 0.978183 5.48805 0.978531 309.959 0.999287 306.857
181 12.635 1.00877 5.5904 0.980928 315.093 0.997381 312.071
182 12.705 0.984038 5.69135 0.980694 320.282 0.994997 317.331
183 12.775 0.956894 5.7906 0.980547 325.528 0.993714 322.641
184 12.845 0.993698 5.8948 0.977635 330.815 0.992135 328.002
185 12.915 1.00701 6.00155 0.977066 336.158 0.991236 333.416
186 12.985 0.953722 6.10375 0.977986 341.563 0.989021 338.877
187 13.055 0.996607 6.2117 0.974269 347.006 0.988006 344.391
188 13.125 0.978241 6.3188 0.977943 352.529 0.987215 349.96
189 13.195 0.99952 6.4294 0.975641 358.097 0.985861 355.581
190 13.265 1.04757 6.54655 0.977325 363.734 0.985664 361.261
191 13.335 1.01802 6.6616 0.977882 369.435 0.98491 366.996
192 13.405 1.03543 6.77985 0.975183 375.179 0.984009 372.787
193 13.475 1.0429 6.9002 0.977632 380.998 0.983629 378.635
194 13.545 1.06217 7.02405 0.981857 386.903 0.984326 384.549
195 13.615 1.00331 7.14225 0.983241 392.878 0.984144 390.523
196 13.685 1.05987 7.2684 0.985477 398.928 0.984174 396.559
197 13.755 1.05161 7.39485 0.98501 405.037 0.984353 402.658
198 13.825 1.05704 7.52325 0.985826 411.213 0.985018 408.823
199 13.895 1.05619 7.65285 0.991157 417.486 0.985206 415.052
200 13.965 1.01215 7.7783 0.994299 423.843 0.986563 421.353
1200000 200
1 0.035 0 0 0 0 0 0
2 0.105 0 0 0 0 0 0
3 0.175 0 0 0 0 0 0
4 0.245 0 0 0 0 0 0
5 0.315 0 0 0 0 0 0
6 0.385 0 0 0 0 0 0
7 0.455 0 0 0 0 0 0
8 0.525 0 0 0 0 0 0
9 0.595 0 0 0 0 0 0
10 0.665 0 0 0 0 0 0
11 0.735 0 0 0 0 0 0
12 0.805 0 0 0 0 0 0
13 0.875 0 0 0 0 0 0
14 0.945 0 0 0 0 0 0
15 1.015 0 0 0 0 0 0
16 1.085 0 0 0 0 0 0
17 1.155 0 0 0 0 0 0
18 1.225 0 0 0 0 0 0
19 1.295 0 0 0 0 0 0
20 1.365 0 0 0 0 0 0
21 1.435 0 0 0 0 0 0
22 1.505 0 0 0 0 0 0
23 1.575 0 0 0 0 0 0
24 1.645 0 0 0 0 0 0
25 1.715 0 0 0 0 0 0
26 1.785 0 0 0 0 0 0
27 1.855 0 0 0 0 0 0
28 1.925 0 0 0 0 0 0
29 1.995 0 0 0 0 0 0
30 2.065 0 0 0 0 0 0
31 2.135 0 0 0 0 0 0
32 2.205 0 0 0 0 0 0
33 2.275 0 0 0 0 0 0
34 2.345 0 0 0 0 0 0
35 2.415 0 0 0 0 0 0
36 2.485 0 0 0 0 0 0
37 2.555 0 0 0 0 0 0
38 2.625 0 0 0 0 0 0
39 2.695 0 0 0 0 0 0
40 2.765 0 0 0 0 0 0
41 2.835 0 0 0 0 0 0
42 2.905 0 0 0 0 0 0
43 2.975 0 0 0 0 7.04104e-06 2.04082e-06
44 3.045 0 0 0.000411244 0.000125 0.000245318 7.65306e-05
45 3.115 0 0 0.00290798 0.00105 0.0019781 0.000705102
46 3.185 0.0310206 0.0002 0.0139078 0.005675 0.00933766 0.00380714
47 3.255 0.0668267 0.00065 0.0491615 0.02275 0.032897 0.0152214
48 3.325 0.0996219 0.00135 0.118922 0.06585 0.0822942 0.0450163
49 3.395 0.136509 0.00235 0.232239 0.1536 0.163267 0.106643
50 3.465 0.255546 0.0043 0.362184 0.29615 0.270597 0.213037
51 3.535 0.396619 0.00745 0.506412 0.5036 0.391535 0.373264
52 3.605 0.556916 0.01205 0.64878 0.78 0.51165 0.59102
53 3.675 0.728129 0.0183 0.760386 1.11665 0.615456 0.863227
54 3.745 0.852616 0.0259 0.851746 1.50825 0.691872 1.181
55 3.815 0.951344 0.0347 0.904038 1.93958 0.737381 1.53245
56 3.885 0.969494 0.044 0.942898 2.4061 0.755422 1.90583
57 3.955 0.990804 0.05385 0.972614 2.90483 0.754026 2.29208
58 4.025 1.0829 0.065 0.987706 3.42938 0.75067 2.69034
59 4.095 0.994589 0.0756 0.986699 3.97177 0.749094 3.1017
60 4.165 1.02039 0.08685 1.014 4.5484 0.754905 3.53055
61 4.235 1.02203 0.0985 1.03607 5.15755 0.773714 3.98499
62 4.305 1.01454 0.11045 1.06014 5.80163 0.795058 4.46752
63 4.375 1.01932 0.12285 1.07366 6.4753 0.818493 4.98056
64 4.445 1.05914 0.13615 1.09083 7.18183 0.843407 5.52628
65 4.515 1.05357 0.1498 1.09405 7.91292 0.866511 6.10473
66 4.585 0.965514 0.1627 1.09993 8.67093 0.891288 6.71832
67 4.655 1.07103 0.17745 1.11873 9.4656 0.914701 7.36741
68 4.725 0.947909 0.1909 1.14151 10.301 0.946022 8.05905
69 4.795 0.995713 0.20545 1.16906 11.1822 0.97653 8.79432
70 4.865 0.907435 0.2191 1.19756 12.1113 1.00351 9.57212
71 4.935 0.959403 0.23395 1.21931 13.0847 1.03193 10.3951
72 5.005 0.951598 0.2491 1.24475 14.1069 1.05161 11.2578
73 5.075 0.956074 0.26475 1.2233 15.1397 1.0683 12.1588
74 5.145 0.939151 0.28055 1.21415 16.1933 1.07495 13.0907
75 5.215 0.922787 0.2965 1.23898 17.2979 1.07952 14.0521
76 5.285 0.906955 0.3126 1.22126 18.4161 1.08141 15.0413
77 5.355 0.951986 0.32995 1.22754 19.57 1.08921 16.0641
78 5.425 0.916884 0.3471 1.21693 20.7441 1.09783 17.1222
79 5.495 0.880646 0.364 1.22507 21.9567 1.1125 18.2222
80 5.565 0.919599 0.3821 1.21628 23.1914 1.12326 19.3614
81 5.635 0.84982 0.39925 1.22231 24.4637 1.1362 20.5429
82 5.705 0.870185 0.41725 1.20873 25.7534 1.1454 21.7637
83 5.775 0.927063 0.4369 1.22349 27.0909 1.15477 23.0248
84 5.845 0.835908 0.45505 1.20679 28.4425 1.15942 24.322
85 5.915 0.872455 0.47445 1.19183 29.8094 1.16404 25.6557
86 5.985 0.834596 0.49345 1.18151 31.1967 1.1636 27.0206
87 6.055 0.830432 0.5128 1.17303 32.6065 1.16513 28.4195
88 6.125 0.803171 0.53195 1.16235 34.036 1.16032 29.845
89 6.195 0.828171 0.55215 1.13746 35.467 1.15483 31.2964
90 6.265 0.871904 0.5739 1.13208 36.9236 1.15046 32.7751
91 6.335 0.731202 0.59255 1.11022 38.3842 1.14084 34.2744
92 6.405 0.757496 0.6123 1.10289 39.8674 1.12754 35.7892
93 6.475 0.816266 0.63405 1.07894 41.3502 1.11775 37.3238
94 6.545 0.802572 0.6559 1.06798 42.8499 1.10975 38.8806
95 6.615 0.690388 0.6751 1.05299 44.3604 1.09837 40.4545
96 6.685 0.716496 0.69545 1.04138 45.8859 1.09083 42.0509
97 6.755 0.68793 0.7154 1.01712 47.4073 1.08176 43.6673
98 6.825 0.73976 0.7373 1.01598 48.9587 1.07622 45.309
99 6.895 0.706613 0.75865 0.991219 50.5034 1.06782 46.9714
100 6.965 0.668155 0.77925 0.988515 52.0754 1.0606 48.6563
101 7.035 0.658104 0.79995 0.976646 53.6599 1.05252 50.3621
102 7.105 0.659227 0.8211 0.972936 55.2699 1.04484 52.0894
103 7.175 0.597524 0.84065 0.95323 56.8785 1.03618 53.8362
104 7.245 0.659475 0.86265 0.950373 58.5138 1.02425 55.5968
105 7.315 0.636622 0.8843 0.940053 60.1627 1.01494 57.3753
106 7.385 0.669329 0.9075 0.931896 61.8288 1.00617 59.1723
107 7.455 0.704948 0.9324 0.91972 63.5044 0.99658 60.9861
108 7.525 0.622426 0.9548 0.91388 65.2008 0.986392 62.8152
109 7.595 0.617825 0.97745 0.914194 66.9294 0.977316 64.6613
110 7.665 0.697648 1.0035 0.900324 68.6634 0.966992 66.5218
111 7.735 0.665354 1.0288 0.899068 70.4268 0.960014 68.4027
112 7.805 0.653473 1.0541 0.896784 72.2176 0.952258 70.3024
113 7.875 0.644445 1.0795 0.896272 74.0396 0.946394 72.2244
114 7.945 0.691717 1.10725 0.897475 75.8967 0.94323 74.1741
115 8.015 0.690709 1.13545 0.89127 77.7736 0.937179 76.1457
116 8.085 0.694447 1.1643 0.896787 79.6952 0.934349 78.1458
117 8.155 0.725163 1.19495 0.902134 81.6619 0.931661 80.1748
118 8.225 0.704732 1.22525 0.903517 83.6656 0.930851 82.2369
119 8.295 0.675738 1.2548 0.904581 85.7059 0.929924 84.3323
120 8.365 0.706076 1.2862 0.915031 87.8048 0.927276 86.4571
121 8.435 0.685559 1.3172 0.921827 89.9548 0.927978 88.6192
122 8.505 0.733052 1.3509 0.922762 92.1428 0.926615 90.8142
123 8.575 0.781049 1.3874 0.936312 94.3997 0.928994 93.0511
124 8.645 0.726345 1.4219 0.943456 96.7111 0.930553 95.3285
125 8.715 0.766515 1.4589 0.947881 99.071 0.931845 97.6462
126 8.785 0.844055 1.5003 0.955514 101.488 0.933483 100.005
127 8.855 0.803673 1.54035 0.957547 103.95 0.938116 102.414
128 8.925 0.828647 1.5823 0.967765 106.477 0.93937 104.865
129 8.995 0.78274 1.62255 0.978079 109.071 0.94325 107.364
130 9.065 0.814738 1.6651 0.984787 111.724 0.946886 109.912
131 9.135 0.809841 1.70805 0.991521 114.436 0.950742 112.51
132 9.205 0.849567 1.7538 1.00031 117.214 0.955336 115.161
133 9.275 0.85874 1.80075 1.00706 120.054 0.960377 117.866
134 9.345 0.879256 1.84955 1.01352 122.956 0.964281 120.624
135 9.415 0.822741 1.8959 1.01694 125.911 0.969608 123.439
136 9.485 0.900713 1.9474 1.02524 128.934 0.974622 126.31
137 9.555 0.876362 1.99825 1.02743 132.009 0.979237 129.238
138 9.625 0.852622 2.04845 1.03701 135.158 0.982985 132.22
139 9.695 0.827799 2.0979 1.03729 138.354 0.988431 135.262
140 9.765 0.8432 2.149 1.05112 141.64 0.992983 138.363
141 9.835 0.915828 2.2053 1.0568 144.991 0.996204 141.518
142 9.905 0.860429 2.25895 1.05391 148.38 1.00109 144.735
143 9.975 0.850767 2.31275 1.05381 151.818 1.00524 148.01
144 10.045 0.814001 2.36495 1.06137 155.328 1.00838 151.342
145 10.115 0.895046 2.42315 1.06299 158.893 1.01311 154.736
146 10.185 0.821355 2.4773 1.06464 162.514 1.01627 158.189
147 10.255 0.874516 2.53575 1.0641 166.182 1.02009 161.702
148 10.325 0.936496 2.5992 1.06371 169.899 1.02295 165.273
149 10.395 0.896259 2.66075 1.06368 173.667 1.02556 168.902
150 10.465 0.882872 2.7222 1.05818 177.466 1.02828 172.59
151 10.535 0.891735 2.7851 1.0666 181.346 1.02991 176.333
152 10.605 0.933166 2.8518 1.05989 185.254 1.03221 180.134
153 10.675 0.94306 2.9201 1.0601 189.214 1.0333 183.99
154 10.745 0.892654 2.9856 1.05796 193.218 1.03474 187.903
155 10.815 0.885171 3.0514 1.05226 197.253 1.03555 191.869
156 10.885 0.836639 3.1144 1.05602 201.354 1.03527 195.886
157 10.955 0.900713 3.1831 1.04578 205.468 1.0366 199.96
158 11.025 0.921674 3.2543 1.0477 209.643 1.03729 204.089
159 11.095 0.94651 3.32835 1.04292 213.851 1.03657 208.267
160 11.165 0.905016 3.40005 1.03909 218.097 1.03586 212.496
161 11.235 0.924314 3.4742 1.03382 222.375 1.03446 216.772
162 11.305 0.928292 3.5496 1.03343 226.705 1.03302 221.095
163 11.375 0.915686 3.6249 1.02924 231.07 1.03314 225.473
164 11.445 0.948364 3.70385 1.02839 235.486 1.03102 229.895
165 11.515 0.909576 3.7805 1.02218 239.929 1.02953 234.366
166 11.585 0.929685 3.8598 1.01712 244.404 1.02708 238.88
167 11.655 0.923184 3.9395 1.01053 248.904 1.02737 243.45
168 11.725 0.876714 4.0161 1.01022 253.456 1.02465 248.063
169 11.795 0.916668 4.09715 1.00325 258.032 1.02212 252.719
170 11.865 0.927678 4.18015 1.00379 262.664 1.01861 257.415
171 11.935 0.919038 4.26335 0.998503 267.326 1.01765 262.162
172 12.005 0.918177 4.34745 0.998746 272.045 1.01556 266.955
173 12.075 0.915656 4.4323 0.993419 276.793 1.01228 271.789
174 12.145 0.975003 4.5237 0.987641 281.568 1.01002 276.667
175 12.215 0.948042 4.6136 0.985631 286.389 1.00759 281.59
176 12.285 0.940918 4.70385 0.98383 291.256 1.0052 286.558
177 12.355 0.951417 4.79615 0.981737 296.169 1.00315 291.573
178 12.425 0.941747 4.88855 0.978309 301.12 1.00116 296.634
179 12.495 0.962971 4.9841 0.974896 306.109 0.999133 301.742
180 12.565 0.903437 5.07475 0.976227 311.161 0.996974 306.897
181 12.635 0.979202 5.1741 0.973671 316.257 0.995934 312.104
182 12.705 0.948946 5.27145 0.971807 321.399 0.992942 317.352
183 12.775 0.956894 5.3707 0.971476 326.596 0.991395 322.651
184 12.845 0.966996 5.4721 0.973781 331.863 0.98935 327.996
185 12.915 0.976824 5.57565 0.968493 337.159 0.987969 333.393
186 12.985 1.00598 5.68345 0.970165 342.521 0.985712 338.835
187 13.055 0.967064 5.7882 0.971692 347.95 0.984912 344.332
188 13.125 0.95906 5.8932 0.974034 353.45 0.983861 349.882
189 13.195 0.940778 5.9973 0.974016 359.009 0.982857 355.486
190 13.265 1.00822 6.11005 0.971344 364.612 0.983134 361.151
191 13.335 1.03218 6.2267 0.970441 370.269 0.981405 366.866
192 13.405 0.97414 6.33795 0.974461 376.009 0.981462 372.641
193 13.475 1.03554 6.45745 0.972696 381.798 0.98185 378.48
194 13.545 0.983695 6.57215 0.971914 387.644 0.98168 384.378
195 13.615 1.03218 6.69375 0.974679 393.566 0.982238 390.34
196 13.685 0.995598 6.81225 0.981026 399.589 0.982701 396.367
197 13.755 1.07489 6.9415 0.97875 405.659 0.983237 402.459
198 13.825 1.06938 7.0714 0.985131 411.831 0.98272 408.61
199 13.895 1.08512 7.20455 0.984225 418.06 0.984035 414.831
200 13.965 1.07508 7.3378 0.983682 424.349 0.984468 421.118
