90
2 6 3.129795093 0.3616801436 1
3 8 3.164295369 0.2811764393 1
5 9 3.164295369 0.2811764393 1
6 11 3.164295369 0.2811764393 1
8 12 3.164295369 0.2811764393 1
9 14 3.164295369 0.2811764393 1
11 15 3.164295369 0.2811764393 1
12 17 3.164295369 0.2811764393 1
14 18 3.129795093 0.3616801436 1
20 24 3.129795093 0.3616801436 1
21 26 3.164295369 0.2811764393 1
23 27 3.164295369 0.2811764393 1
24 29 3.164295369 0.2811764393 1
26 30 3.164295369 0.2811764393 1
27 32 3.164295369 0.2811764393 1
29 33 3.164295369 0.2811764393 1
30 35 3.164295369 0.2811764393 1
32 36 3.129795093 0.3616801436 1
38 42 3.129795093 0.3616801436 1
39 44 3.164295369 0.2811764393 1
41 45 3.164295369 0.2811764393 1
42 47 3.164295369 0.2811764393 1
44 48 3.164295369 0.2811764393 1
45 50 3.164295369 0.2811764393 1
47 51 3.164295369 0.2811764393 1
48 53 3.164295369 0.2811764393 1
50 54 3.129795093 0.3616801436 1
56 60 3.129795093 0.3616801436 1
57 62 3.164295369 0.2811764393 1
59 63 3.164295369 0.2811764393 1
60 65 3.164295369 0.2811764393 1
62 66 3.164295369 0.2811764393 1
63 68 3.164295369 0.2811764393 1
65 69 3.164295369 0.2811764393 1
66 71 3.164295369 0.2811764393 1
68 72 3.129795093 0.3616801436 1
74 78 3.129795093 0.3616801436 1
75 80 3.164295369 0.2811764393 1
77 81 3.164295369 0.2811764393 1
78 83 3.164295369 0.2811764393 1
80 84 3.164295369 0.2811764393 1
81 86 3.164295369 0.2811764393 1
83 87 3.164295369 0.2811764393 1
84 89 3.164295369 0.2811764393 1
86 90 3.129795093 0.3616801436 1
92 96 3.129795093 0.3616801436 1
93 98 3.164295369 0.2811764393 1
95 99 3.164295369 0.2811764393 1
96 101 3.164295369 0.2811764393 1
98 102 3.164295369 0.2811764393 1
99 104 3.164295369 0.2811764393 1
101 105 3.164295369 0.2811764393 1
102 107 3.164295369 0.2811764393 1
104 108 3.129795093 0.3616801436 1
110 114 3.129795093 0.3616801436 1
111 116 3.164295369 0.2811764393 1
113 117 3.164295369 0.2811764393 1
114 119 3.164295369 0.2811764393 1
116 120 3.164295369 0.2811764393 1
117 122 3.164295369 0.2811764393 1
119 123 3.164295369 0.2811764393 1
120 125 3.164295369 0.2811764393 1
122 126 3.129795093 0.3616801436 1
128 132 3.129795093 0.3616801436 1
129 134 3.164295369 0.2811764393 1
131 135 3.164295369 0.2811764393 1
132 137 3.164295369 0.2811764393 1
134 138 3.164295369 0.2811764393 1
135 140 3.164295369 0.2811764393 1
137 141 3.164295369 0.2811764393 1
138 143 3.164295369 0.2811764393 1
140 144 3.129795093 0.3616801436 1
146 150 3.129795093 0.3616801436 1
147 152 3.164295369 0.2811764393 1
149 153 3.164295369 0.2811764393 1
150 155 3.164295369 0.2811764393 1
152 156 3.164295369 0.2811764393 1
153 158 3.164295369 0.2811764393 1
155 159 3.164295369 0.2811764393 1
156 161 3.164295369 0.2811764393 1
158 162 3.129795093 0.3616801436 1
164 168 3.129795093 0.3616801436 1
165 170 3.164295369 0.2811764393 1
167 171 3.164295369 0.2811764393 1
168 173 3.164295369 0.2811764393 1
170 174 3.164295369 0.2811764393 1
171 176 3.164295369 0.2811764393 1
173 177 3.164295369 0.2811764393 1
174 179 3.164295369 0.2811764393 1
176 180 3.129795093 0.3616801436 1
