2400
2 5 3.398529094 0.05296225071 0.5
2 10 0 0 0.5
3 6 3.328062499 0.05454356057 0.5
3 8 2.979093822 0.02291287847 0.5
3 9 2.979093822 0.02291287847 0.5
4 7 0 0 0.5
7 8 0 0 0.5
7 9 0 0 0.5
6 10 0 0 0.5
8 10 0 0 0.5
9 10 0 0 0.5
12 15 3.398529094 0.05296225071 0.5
12 20 0 0 0.5
13 16 3.328062499 0.05454356057 0.5
13 18 2.979093822 0.02291287847 0.5
13 19 2.979093822 0.02291287847 0.5
14 17 0 0 0.5
17 18 0 0 0.5
17 19 0 0 0.5
16 20 0 0 0.5
18 20 0 0 0.5
19 20 0 0 0.5
22 25 3.398529094 0.05296225071 0.5
22 30 0 0 0.5
23 26 3.328062499 0.05454356057 0.5
23 28 2.979093822 0.02291287847 0.5
23 29 2.979093822 0.02291287847 0.5
24 27 0 0 0.5
27 28 0 0 0.5
27 29 0 0 0.5
26 30 0 0 0.5
28 30 0 0 0.5
29 30 0 0 0.5
32 35 3.398529094 0.05296225071 0.5
32 40 0 0 0.5
33 36 3.328062499 0.05454356057 0.5
33 38 2.979093822 0.02291287847 0.5
33 39 2.979093822 0.02291287847 0.5
34 37 0 0 0.5
37 38 0 0 0.5
37 39 0 0 0.5
36 40 0 0 0.5
38 40 0 0 0.5
39 40 0 0 0.5
42 45 3.398529094 0.05296225071 0.5
42 50 0 0 0.5
43 46 3.328062499 0.05454356057 0.5
43 48 2.979093822 0.02291287847 0.5
43 49 2.979093822 0.02291287847 0.5
44 47 0 0 0.5
47 48 0 0 0.5
47 49 0 0 0.5
46 50 0 0 0.5
48 50 0 0 0.5
49 50 0 0 0.5
52 55 3.398529094 0.05296225071 0.5
52 60 0 0 0.5
53 56 3.328062499 0.05454356057 0.5
53 58 2.979093822 0.02291287847 0.5
53 59 2.979093822 0.02291287847 0.5
54 57 0 0 0.5
57 58 0 0 0.5
57 59 0 0 0.5
56 60 0 0 0.5
58 60 0 0 0.5
59 60 0 0 0.5
62 65 3.398529094 0.05296225071 0.5
62 70 0 0 0.5
63 66 3.328062499 0.05454356057 0.5
63 68 2.979093822 0.02291287847 0.5
63 69 2.979093822 0.02291287847 0.5
64 67 0 0 0.5
67 68 0 0 0.5
67 69 0 0 0.5
66 70 0 0 0.5
68 70 0 0 0.5
69 70 0 0 0.5
72 75 3.398529094 0.05296225071 0.5
72 80 0 0 0.5
73 76 3.328062499 0.05454356057 0.5
73 78 2.979093822 0.02291287847 0.5
73 79 2.979093822 0.02291287847 0.5
74 77 0 0 0.5
77 78 0 0 0.5
77 79 0 0 0.5
76 80 0 0 0.5
78 80 0 0 0.5
79 80 0 0 0.5
82 85 3.398529094 0.05296225071 0.5
82 90 0 0 0.5
83 86 3.328062499 0.05454356057 0.5
83 88 2.979093822 0.02291287847 0.5
83 89 2.979093822 0.02291287847 0.5
84 87 0 0 0.5
87 88 0 0 0.5
87 89 0 0 0.5
86 90 0 0 0.5
88 90 0 0 0.5
89 90 0 0 0.5
92 95 3.398529094 0.05296225071 0.5
92 100 0 0 0.5
93 96 3.328062499 0.05454356057 0.5
93 98 2.979093822 0.02291287847 0.5
93 99 2.979093822 0.02291287847 0.5
94 97 0 0 0.5
97 98 0 0 0.5
97 99 0 0 0.5
96 100 0 0 0.5
98 100 0 0 0.5
99 100 0 0 0.5
102 105 3.398529094 0.05296225071 0.5
102 110 0 0 0.5
103 106 3.328062499 0.05454356057 0.5
103 108 2.979093822 0.02291287847 0.5
103 109 2.979093822 0.02291287847 0.5
104 107 0 0 0.5
107 108 0 0 0.5
107 109 0 0 0.5
106 110 0 0 0.5
108 110 0 0 0.5
109 110 0 0 0.5
112 115 3.398529094 0.05296225071 0.5
112 120 0 0 0.5
113 116 3.328062499 0.05454356057 0.5
113 118 2.979093822 0.02291287847 0.5
113 119 2.979093822 0.02291287847 0.5
114 117 0 0 0.5
117 118 0 0 0.5
117 119 0 0 0.5
116 120 0 0 0.5
118 120 0 0 0.5
119 120 0 0 0.5
122 125 3.398529094 0.05296225071 0.5
122 130 0 0 0.5
123 126 3.328062499 0.05454356057 0.5
123 128 2.979093822 0.02291287847 0.5
123 129 2.979093822 0.02291287847 0.5
124 127 0 0 0.5
127 128 0 0 0.5
127 129 0 0 0.5
126 130 0 0 0.5
128 130 0 0 0.5
129 130 0 0 0.5
132 135 3.398529094 0.05296225071 0.5
132 140 0 0 0.5
133 136 3.328062499 0.05454356057 0.5
133 138 2.979093822 0.02291287847 0.5
133 139 2.979093822 0.02291287847 0.5
134 137 0 0 0.5
137 138 0 0 0.5
137 139 0 0 0.5
136 140 0 0 0.5
138 140 0 0 0.5
139 140 0 0 0.5
142 145 3.398529094 0.05296225071 0.5
142 150 0 0 0.5
143 146 3.328062499 0.05454356057 0.5
143 148 2.979093822 0.02291287847 0.5
143 149 2.979093822 0.02291287847 0.5
144 147 0 0 0.5
147 148 0 0 0.5
147 149 0 0 0.5
146 150 0 0 0.5
148 150 0 0 0.5
149 150 0 0 0.5
152 155 3.398529094 0.05296225071 0.5
152 160 0 0 0.5
153 156 3.328062499 0.05454356057 0.5
153 158 2.979093822 0.02291287847 0.5
153 159 2.979093822 0.02291287847 0.5
154 157 0 0 0.5
157 158 0 0 0.5
157 159 0 0 0.5
156 160 0 0 0.5
158 160 0 0 0.5
159 160 0 0 0.5
162 165 3.398529094 0.05296225071 0.5
162 170 0 0 0.5
163 166 3.328062499 0.05454356057 0.5
163 168 2.979093822 0.02291287847 0.5
163 169 2.979093822 0.02291287847 0.5
164 167 0 0 0.5
167 168 0 0 0.5
167 169 0 0 0.5
166 170 0 0 0.5
168 170 0 0 0.5
169 170 0 0 0.5
172 175 3.398529094 0.05296225071 0.5
172 180 0 0 0.5
173 176 3.328062499 0.05454356057 0.5
173 178 2.979093822 0.02291287847 0.5
173 179 2.979093822 0.02291287847 0.5
174 177 0 0 0.5
177 178 0 0 0.5
177 179 0 0 0.5
176 180 0 0 0.5
178 180 0 0 0.5
179 180 0 0 0.5
182 185 3.398529094 0.05296225071 0.5
182 190 0 0 0.5
183 186 3.328062499 0.05454356057 0.5
183 188 2.979093822 0.02291287847 0.5
183 189 2.979093822 0.02291287847 0.5
184 187 0 0 0.5
187 188 0 0 0.5
187 189 0 0 0.5
186 190 0 0 0.5
188 190 0 0 0.5
189 190 0 0 0.5
192 195 3.398529094 0.05296225071 0.5
192 200 0 0 0.5
193 196 3.328062499 0.05454356057 0.5
193 198 2.979093822 0.02291287847 0.5
193 199 2.979093822 0.02291287847 0.5
194 197 0 0 0.5
197 198 0 0 0.5
197 199 0 0 0.5
196 200 0 0 0.5
198 200 0 0 0.5
199 200 0 0 0.5
202 205 3.398529094 0.05296225071 0.5
202 210 0 0 0.5
203 206 3.328062499 0.05454356057 0.5
203 208 2.979093822 0.02291287847 0.5
203 209 2.979093822 0.02291287847 0.5
204 207 0 0 0.5
207 208 0 0 0.5
207 209 0 0 0.5
206 210 0 0 0.5
208 210 0 0 0.5
209 210 0 0 0.5
212 215 3.398529094 0.05296225071 0.5
212 220 0 0 0.5
213 216 3.328062499 0.05454356057 0.5
213 218 2.979093822 0.02291287847 0.5
213 219 2.979093822 0.02291287847 0.5
214 217 0 0 0.5
217 218 0 0 0.5
217 219 0 0 0.5
216 220 0 0 0.5
218 220 0 0 0.5
219 220 0 0 0.5
222 225 3.398529094 0.05296225071 0.5
222 230 0 0 0.5
223 226 3.328062499 0.05454356057 0.5
223 228 2.979093822 0.02291287847 0.5
223 229 2.979093822 0.02291287847 0.5
224 227 0 0 0.5
227 228 0 0 0.5
227 229 0 0 0.5
226 230 0 0 0.5
228 230 0 0 0.5
229 230 0 0 0.5
232 235 3.398529094 0.05296225071 0.5
232 240 0 0 0.5
233 236 3.328062499 0.05454356057 0.5
233 238 2.979093822 0.02291287847 0.5
233 239 2.979093822 0.02291287847 0.5
234 237 0 0 0.5
237 238 0 0 0.5
237 239 0 0 0.5
236 240 0 0 0.5
238 240 0 0 0.5
239 240 0 0 0.5
242 245 3.398529094 0.05296225071 0.5
242 250 0 0 0.5
243 246 3.328062499 0.05454356057 0.5
243 248 2.979093822 0.02291287847 0.5
243 249 2.979093822 0.02291287847 0.5
244 247 0 0 0.5
247 248 0 0 0.5
247 249 0 0 0.5
246 250 0 0 0.5
248 250 0 0 0.5
249 250 0 0 0.5
252 255 3.398529094 0.05296225071 0.5
252 260 0 0 0.5
253 256 3.328062499 0.05454356057 0.5
253 258 2.979093822 0.02291287847 0.5
253 259 2.979093822 0.02291287847 0.5
254 257 0 0 0.5
257 258 0 0 0.5
257 259 0 0 0.5
256 260 0 0 0.5
258 260 0 0 0.5
259 260 0 0 0.5
262 265 3.398529094 0.05296225071 0.5
262 270 0 0 0.5
263 266 3.328062499 0.05454356057 0.5
263 268 2.979093822 0.02291287847 0.5
263 269 2.979093822 0.02291287847 0.5
264 267 0 0 0.5
267 268 0 0 0.5
267 269 0 0 0.5
266 270 0 0 0.5
268 270 0 0 0.5
269 270 0 0 0.5
272 275 3.398529094 0.05296225071 0.5
272 280 0 0 0.5
273 276 3.328062499 0.05454356057 0.5
273 278 2.979093822 0.02291287847 0.5
273 279 2.979093822 0.02291287847 0.5
274 277 0 0 0.5
277 278 0 0 0.5
277 279 0 0 0.5
276 280 0 0 0.5
278 280 0 0 0.5
279 280 0 0 0.5
282 285 3.398529094 0.05296225071 0.5
282 290 0 0 0.5
283 286 3.328062499 0.05454356057 0.5
283 288 2.979093822 0.02291287847 0.5
283 289 2.979093822 0.02291287847 0.5
284 287 0 0 0.5
287 288 0 0 0.5
287 289 0 0 0.5
286 290 0 0 0.5
288 290 0 0 0.5
289 290 0 0 0.5
292 295 3.398529094 0.05296225071 0.5
292 300 0 0 0.5
293 296 3.328062499 0.05454356057 0.5
293 298 2.979093822 0.02291287847 0.5
293 299 2.979093822 0.02291287847 0.5
294 297 0 0 0.5
297 298 0 0 0.5
297 299 0 0 0.5
296 300 0 0 0.5
298 300 0 0 0.5
299 300 0 0 0.5
302 305 3.398529094 0.05296225071 0.5
302 310 0 0 0.5
303 306 3.328062499 0.05454356057 0.5
303 308 2.979093822 0.02291287847 0.5
303 309 2.979093822 0.02291287847 0.5
304 307 0 0 0.5
307 308 0 0 0.5
307 309 0 0 0.5
306 310 0 0 0.5
308 310 0 0 0.5
309 310 0 0 0.5
312 315 3.398529094 0.05296225071 0.5
312 320 0 0 0.5
313 316 3.328062499 0.05454356057 0.5
313 318 2.979093822 0.02291287847 0.5
313 319 2.979093822 0.02291287847 0.5
314 317 0 0 0.5
317 318 0 0 0.5
317 319 0 0 0.5
316 320 0 0 0.5
318 320 0 0 0.5
319 320 0 0 0.5
322 325 3.398529094 0.05296225071 0.5
322 330 0 0 0.5
323 326 3.328062499 0.05454356057 0.5
323 328 2.979093822 0.02291287847 0.5
323 329 2.979093822 0.02291287847 0.5
324 327 0 0 0.5
327 328 0 0 0.5
327 329 0 0 0.5
326 330 0 0 0.5
328 330 0 0 0.5
329 330 0 0 0.5
332 335 3.398529094 0.05296225071 0.5
332 340 0 0 0.5
333 336 3.328062499 0.05454356057 0.5
333 338 2.979093822 0.02291287847 0.5
333 339 2.979093822 0.02291287847 0.5
334 337 0 0 0.5
337 338 0 0 0.5
337 339 0 0 0.5
336 340 0 0 0.5
338 340 0 0 0.5
339 340 0 0 0.5
342 345 3.398529094 0.05296225071 0.5
342 350 0 0 0.5
343 346 3.328062499 0.05454356057 0.5
343 348 2.979093822 0.02291287847 0.5
343 349 2.979093822 0.02291287847 0.5
344 347 0 0 0.5
347 348 0 0 0.5
347 349 0 0 0.5
346 350 0 0 0.5
348 350 0 0 0.5
349 350 0 0 0.5
352 355 3.398529094 0.05296225071 0.5
352 360 0 0 0.5
353 356 3.328062499 0.05454356057 0.5
353 358 2.979093822 0.02291287847 0.5
353 359 2.979093822 0.02291287847 0.5
354 357 0 0 0.5
357 358 0 0 0.5
357 359 0 0 0.5
356 360 0 0 0.5
358 360 0 0 0.5
359 360 0 0 0.5
362 365 3.398529094 0.05296225071 0.5
362 370 0 0 0.5
363 366 3.328062499 0.05454356057 0.5
363 368 2.979093822 0.02291287847 0.5
363 369 2.979093822 0.02291287847 0.5
364 367 0 0 0.5
367 368 0 0 0.5
367 369 0 0 0.5
366 370 0 0 0.5
368 370 0 0 0.5
369 370 0 0 0.5
372 375 3.398529094 0.05296225071 0.5
372 380 0 0 0.5
373 376 3.328062499 0.05454356057 0.5
373 378 2.979093822 0.02291287847 0.5
373 379 2.979093822 0.02291287847 0.5
374 377 0 0 0.5
377 378 0 0 0.5
377 379 0 0 0.5
376 380 0 0 0.5
378 380 0 0 0.5
379 380 0 0 0.5
382 385 3.398529094 0.05296225071 0.5
382 390 0 0 0.5
383 386 3.328062499 0.05454356057 0.5
383 388 2.979093822 0.02291287847 0.5
383 389 2.979093822 0.02291287847 0.5
384 387 0 0 0.5
387 388 0 0 0.5
387 389 0 0 0.5
386 390 0 0 0.5
388 390 0 0 0.5
389 390 0 0 0.5
392 395 3.398529094 0.05296225071 0.5
392 400 0 0 0.5
393 396 3.328062499 0.05454356057 0.5
393 398 2.979093822 0.02291287847 0.5
393 399 2.979093822 0.02291287847 0.5
394 397 0 0 0.5
397 398 0 0 0.5
397 399 0 0 0.5
396 400 0 0 0.5
398 400 0 0 0.5
399 400 0 0 0.5
402 405 3.398529094 0.05296225071 0.5
402 410 0 0 0.5
403 406 3.328062499 0.05454356057 0.5
403 408 2.979093822 0.02291287847 0.5
403 409 2.979093822 0.02291287847 0.5
404 407 0 0 0.5
407 408 0 0 0.5
407 409 0 0 0.5
406 410 0 0 0.5
408 410 0 0 0.5
409 410 0 0 0.5
412 415 3.398529094 0.05296225071 0.5
412 420 0 0 0.5
413 416 3.328062499 0.05454356057 0.5
413 418 2.979093822 0.02291287847 0.5
413 419 2.979093822 0.02291287847 0.5
414 417 0 0 0.5
417 418 0 0 0.5
417 419 0 0 0.5
416 420 0 0 0.5
418 420 0 0 0.5
419 420 0 0 0.5
422 425 3.398529094 0.05296225071 0.5
422 430 0 0 0.5
423 426 3.328062499 0.05454356057 0.5
423 428 2.979093822 0.02291287847 0.5
423 429 2.979093822 0.02291287847 0.5
424 427 0 0 0.5
427 428 0 0 0.5
427 429 0 0 0.5
426 430 0 0 0.5
428 430 0 0 0.5
429 430 0 0 0.5
432 435 3.398529094 0.05296225071 0.5
432 440 0 0 0.5
433 436 3.328062499 0.05454356057 0.5
433 438 2.979093822 0.02291287847 0.5
433 439 2.979093822 0.02291287847 0.5
434 437 0 0 0.5
437 438 0 0 0.5
437 439 0 0 0.5
436 440 0 0 0.5
438 440 0 0 0.5
439 440 0 0 0.5
442 445 3.398529094 0.05296225071 0.5
442 450 0 0 0.5
443 446 3.328062499 0.05454356057 0.5
443 448 2.979093822 0.02291287847 0.5
443 449 2.979093822 0.02291287847 0.5
444 447 0 0 0.5
447 448 0 0 0.5
447 449 0 0 0.5
446 450 0 0 0.5
448 450 0 0 0.5
449 450 0 0 0.5
452 455 3.398529094 0.05296225071 0.5
452 460 0 0 0.5
453 456 3.328062499 0.05454356057 0.5
453 458 2.979093822 0.02291287847 0.5
453 459 2.979093822 0.02291287847 0.5
454 457 0 0 0.5
457 458 0 0 0.5
457 459 0 0 0.5
456 460 0 0 0.5
458 460 0 0 0.5
459 460 0 0 0.5
462 465 3.398529094 0.05296225071 0.5
462 470 0 0 0.5
463 466 3.328062499 0.05454356057 0.5
463 468 2.979093822 0.02291287847 0.5
463 469 2.979093822 0.02291287847 0.5
464 467 0 0 0.5
467 468 0 0 0.5
467 469 0 0 0.5
466 470 0 0 0.5
468 470 0 0 0.5
469 470 0 0 0.5
472 475 3.398529094 0.05296225071 0.5
472 480 0 0 0.5
473 476 3.328062499 0.05454356057 0.5
473 478 2.979093822 0.02291287847 0.5
473 479 2.979093822 0.02291287847 0.5
474 477 0 0 0.5
477 478 0 0 0.5
477 479 0 0 0.5
476 480 0 0 0.5
478 480 0 0 0.5
479 480 0 0 0.5
482 485 3.398529094 0.05296225071 0.5
482 490 0 0 0.5
483 486 3.328062499 0.05454356057 0.5
483 488 2.979093822 0.02291287847 0.5
483 489 2.979093822 0.02291287847 0.5
484 487 0 0 0.5
487 488 0 0 0.5
487 489 0 0 0.5
486 490 0 0 0.5
488 490 0 0 0.5
489 490 0 0 0.5
492 495 3.398529094 0.05296225071 0.5
492 500 0 0 0.5
493 496 3.328062499 0.05454356057 0.5
493 498 2.979093822 0.02291287847 0.5
493 499 2.979093822 0.02291287847 0.5
494 497 0 0 0.5
497 498 0 0 0.5
497 499 0 0 0.5
496 500 0 0 0.5
498 500 0 0 0.5
499 500 0 0 0.5
502 505 3.398529094 0.05296225071 0.5
502 510 0 0 0.5
503 506 3.328062499 0.05454356057 0.5
503 508 2.979093822 0.02291287847 0.5
503 509 2.979093822 0.02291287847 0.5
504 507 0 0 0.5
507 508 0 0 0.5
507 509 0 0 0.5
506 510 0 0 0.5
508 510 0 0 0.5
509 510 0 0 0.5
512 515 3.398529094 0.05296225071 0.5
512 520 0 0 0.5
513 516 3.328062499 0.05454356057 0.5
513 518 2.979093822 0.02291287847 0.5
513 519 2.979093822 0.02291287847 0.5
514 517 0 0 0.5
517 518 0 0 0.5
517 519 0 0 0.5
516 520 0 0 0.5
518 520 0 0 0.5
519 520 0 0 0.5
522 525 3.398529094 0.05296225071 0.5
522 530 0 0 0.5
523 526 3.328062499 0.05454356057 0.5
523 528 2.979093822 0.02291287847 0.5
523 529 2.979093822 0.02291287847 0.5
524 527 0 0 0.5
527 528 0 0 0.5
527 529 0 0 0.5
526 530 0 0 0.5
528 530 0 0 0.5
529 530 0 0 0.5
532 535 3.398529094 0.05296225071 0.5
532 540 0 0 0.5
533 536 3.328062499 0.05454356057 0.5
533 538 2.979093822 0.02291287847 0.5
533 539 2.979093822 0.02291287847 0.5
534 537 0 0 0.5
537 538 0 0 0.5
537 539 0 0 0.5
536 540 0 0 0.5
538 540 0 0 0.5
539 540 0 0 0.5
542 545 3.398529094 0.05296225071 0.5
542 550 0 0 0.5
543 546 3.328062499 0.05454356057 0.5
543 548 2.979093822 0.02291287847 0.5
543 549 2.979093822 0.02291287847 0.5
544 547 0 0 0.5
547 548 0 0 0.5
547 549 0 0 0.5
546 550 0 0 0.5
548 550 0 0 0.5
549 550 0 0 0.5
552 555 3.398529094 0.05296225071 0.5
552 560 0 0 0.5
553 556 3.328062499 0.05454356057 0.5
553 558 2.979093822 0.02291287847 0.5
553 559 2.979093822 0.02291287847 0.5
554 557 0 0 0.5
557 558 0 0 0.5
557 559 0 0 0.5
556 560 0 0 0.5
558 560 0 0 0.5
559 560 0 0 0.5
562 565 3.398529094 0.05296225071 0.5
562 570 0 0 0.5
563 566 3.328062499 0.05454356057 0.5
563 568 2.979093822 0.02291287847 0.5
563 569 2.979093822 0.02291287847 0.5
564 567 0 0 0.5
567 568 0 0 0.5
567 569 0 0 0.5
566 570 0 0 0.5
568 570 0 0 0.5
569 570 0 0 0.5
572 575 3.398529094 0.05296225071 0.5
572 580 0 0 0.5
573 576 3.328062499 0.05454356057 0.5
573 578 2.979093822 0.02291287847 0.5
573 579 2.979093822 0.02291287847 0.5
574 577 0 0 0.5
577 578 0 0 0.5
577 579 0 0 0.5
576 580 0 0 0.5
578 580 0 0 0.5
579 580 0 0 0.5
582 585 3.398529094 0.05296225071 0.5
582 590 0 0 0.5
583 586 3.328062499 0.05454356057 0.5
583 588 2.979093822 0.02291287847 0.5
583 589 2.979093822 0.02291287847 0.5
584 587 0 0 0.5
587 588 0 0 0.5
587 589 0 0 0.5
586 590 0 0 0.5
588 590 0 0 0.5
589 590 0 0 0.5
592 595 3.398529094 0.05296225071 0.5
592 600 0 0 0.5
593 596 3.328062499 0.05454356057 0.5
593 598 2.979093822 0.02291287847 0.5
593 599 2.979093822 0.02291287847 0.5
594 597 0 0 0.5
597 598 0 0 0.5
597 599 0 0 0.5
596 600 0 0 0.5
598 600 0 0 0.5
599 600 0 0 0.5
602 605 3.398529094 0.05296225071 0.5
602 610 0 0 0.5
603 606 3.328062499 0.05454356057 0.5
603 608 2.979093822 0.02291287847 0.5
603 609 2.979093822 0.02291287847 0.5
604 607 0 0 0.5
607 608 0 0 0.5
607 609 0 0 0.5
606 610 0 0 0.5
608 610 0 0 0.5
609 610 0 0 0.5
612 615 3.398529094 0.05296225071 0.5
612 620 0 0 0.5
613 616 3.328062499 0.05454356057 0.5
613 618 2.979093822 0.02291287847 0.5
613 619 2.979093822 0.02291287847 0.5
614 617 0 0 0.5
617 618 0 0 0.5
617 619 0 0 0.5
616 620 0 0 0.5
618 620 0 0 0.5
619 620 0 0 0.5
622 625 3.398529094 0.05296225071 0.5
622 630 0 0 0.5
623 626 3.328062499 0.05454356057 0.5
623 628 2.979093822 0.02291287847 0.5
623 629 2.979093822 0.02291287847 0.5
624 627 0 0 0.5
627 628 0 0 0.5
627 629 0 0 0.5
626 630 0 0 0.5
628 630 0 0 0.5
629 630 0 0 0.5
632 635 3.398529094 0.05296225071 0.5
632 640 0 0 0.5
633 636 3.328062499 0.05454356057 0.5
633 638 2.979093822 0.02291287847 0.5
633 639 2.979093822 0.02291287847 0.5
634 637 0 0 0.5
637 638 0 0 0.5
637 639 0 0 0.5
636 640 0 0 0.5
638 640 0 0 0.5
639 640 0 0 0.5
642 645 3.398529094 0.05296225071 0.5
642 650 0 0 0.5
643 646 3.328062499 0.05454356057 0.5
643 648 2.979093822 0.02291287847 0.5
643 649 2.979093822 0.02291287847 0.5
644 647 0 0 0.5
647 648 0 0 0.5
647 649 0 0 0.5
646 650 0 0 0.5
648 650 0 0 0.5
649 650 0 0 0.5
652 655 3.398529094 0.05296225071 0.5
652 660 0 0 0.5
653 656 3.328062499 0.05454356057 0.5
653 658 2.979093822 0.02291287847 0.5
653 659 2.979093822 0.02291287847 0.5
654 657 0 0 0.5
657 658 0 0 0.5
657 659 0 0 0.5
656 660 0 0 0.5
658 660 0 0 0.5
659 660 0 0 0.5
662 665 3.398529094 0.05296225071 0.5
662 670 0 0 0.5
663 666 3.328062499 0.05454356057 0.5
663 668 2.979093822 0.02291287847 0.5
663 669 2.979093822 0.02291287847 0.5
664 667 0 0 0.5
667 668 0 0 0.5
667 669 0 0 0.5
666 670 0 0 0.5
668 670 0 0 0.5
669 670 0 0 0.5
672 675 3.398529094 0.05296225071 0.5
672 680 0 0 0.5
673 676 3.328062499 0.05454356057 0.5
673 678 2.979093822 0.02291287847 0.5
673 679 2.979093822 0.02291287847 0.5
674 677 0 0 0.5
677 678 0 0 0.5
677 679 0 0 0.5
676 680 0 0 0.5
678 680 0 0 0.5
679 680 0 0 0.5
682 685 3.398529094 0.05296225071 0.5
682 690 0 0 0.5
683 686 3.328062499 0.05454356057 0.5
683 688 2.979093822 0.02291287847 0.5
683 689 2.979093822 0.02291287847 0.5
684 687 0 0 0.5
687 688 0 0 0.5
687 689 0 0 0.5
686 690 0 0 0.5
688 690 0 0 0.5
689 690 0 0 0.5
692 695 3.398529094 0.05296225071 0.5
692 700 0 0 0.5
693 696 3.328062499 0.05454356057 0.5
693 698 2.979093822 0.02291287847 0.5
693 699 2.979093822 0.02291287847 0.5
694 697 0 0 0.5
697 698 0 0 0.5
697 699 0 0 0.5
696 700 0 0 0.5
698 700 0 0 0.5
699 700 0 0 0.5
702 705 3.398529094 0.05296225071 0.5
702 710 0 0 0.5
703 706 3.328062499 0.05454356057 0.5
703 708 2.979093822 0.02291287847 0.5
703 709 2.979093822 0.02291287847 0.5
704 707 0 0 0.5
707 708 0 0 0.5
707 709 0 0 0.5
706 710 0 0 0.5
708 710 0 0 0.5
709 710 0 0 0.5
712 715 3.398529094 0.05296225071 0.5
712 720 0 0 0.5
713 716 3.328062499 0.05454356057 0.5
713 718 2.979093822 0.02291287847 0.5
713 719 2.979093822 0.02291287847 0.5
714 717 0 0 0.5
717 718 0 0 0.5
717 719 0 0 0.5
716 720 0 0 0.5
718 720 0 0 0.5
719 720 0 0 0.5
722 725 3.398529094 0.05296225071 0.5
722 730 0 0 0.5
723 726 3.328062499 0.05454356057 0.5
723 728 2.979093822 0.02291287847 0.5
723 729 2.979093822 0.02291287847 0.5
724 727 0 0 0.5
727 728 0 0 0.5
727 729 0 0 0.5
726 730 0 0 0.5
728 730 0 0 0.5
729 730 0 0 0.5
732 735 3.398529094 0.05296225071 0.5
732 740 0 0 0.5
733 736 3.328062499 0.05454356057 0.5
733 738 2.979093822 0.02291287847 0.5
733 739 2.979093822 0.02291287847 0.5
734 737 0 0 0.5
737 738 0 0 0.5
737 739 0 0 0.5
736 740 0 0 0.5
738 740 0 0 0.5
739 740 0 0 0.5
742 745 3.398529094 0.05296225071 0.5
742 750 0 0 0.5
743 746 3.328062499 0.05454356057 0.5
743 748 2.979093822 0.02291287847 0.5
743 749 2.979093822 0.02291287847 0.5
744 747 0 0 0.5
747 748 0 0 0.5
747 749 0 0 0.5
746 750 0 0 0.5
748 750 0 0 0.5
749 750 0 0 0.5
752 755 3.398529094 0.05296225071 0.5
752 760 0 0 0.5
753 756 3.328062499 0.05454356057 0.5
753 758 2.979093822 0.02291287847 0.5
753 759 2.979093822 0.02291287847 0.5
754 757 0 0 0.5
757 758 0 0 0.5
757 759 0 0 0.5
756 760 0 0 0.5
758 760 0 0 0.5
759 760 0 0 0.5
762 765 3.398529094 0.05296225071 0.5
762 770 0 0 0.5
763 766 3.328062499 0.05454356057 0.5
763 768 2.979093822 0.02291287847 0.5
763 769 2.979093822 0.02291287847 0.5
764 767 0 0 0.5
767 768 0 0 0.5
767 769 0 0 0.5
766 770 0 0 0.5
768 770 0 0 0.5
769 770 0 0 0.5
772 775 3.398529094 0.05296225071 0.5
772 780 0 0 0.5
773 776 3.328062499 0.05454356057 0.5
773 778 2.979093822 0.02291287847 0.5
773 779 2.979093822 0.02291287847 0.5
774 777 0 0 0.5
777 778 0 0 0.5
777 779 0 0 0.5
776 780 0 0 0.5
778 780 0 0 0.5
779 780 0 0 0.5
782 785 3.398529094 0.05296225071 0.5
782 790 0 0 0.5
783 786 3.328062499 0.05454356057 0.5
783 788 2.979093822 0.02291287847 0.5
783 789 2.979093822 0.02291287847 0.5
784 787 0 0 0.5
787 788 0 0 0.5
787 789 0 0 0.5
786 790 0 0 0.5
788 790 0 0 0.5
789 790 0 0 0.5
792 795 3.398529094 0.05296225071 0.5
792 800 0 0 0.5
793 796 3.328062499 0.05454356057 0.5
793 798 2.979093822 0.02291287847 0.5
793 799 2.979093822 0.02291287847 0.5
794 797 0 0 0.5
797 798 0 0 0.5
797 799 0 0 0.5
796 800 0 0 0.5
798 800 0 0 0.5
799 800 0 0 0.5
802 805 3.398529094 0.05296225071 0.5
802 810 0 0 0.5
803 806 3.328062499 0.05454356057 0.5
803 808 2.979093822 0.02291287847 0.5
803 809 2.979093822 0.02291287847 0.5
804 807 0 0 0.5
807 808 0 0 0.5
807 809 0 0 0.5
806 810 0 0 0.5
808 810 0 0 0.5
809 810 0 0 0.5
812 815 3.398529094 0.05296225071 0.5
812 820 0 0 0.5
813 816 3.328062499 0.05454356057 0.5
813 818 2.979093822 0.02291287847 0.5
813 819 2.979093822 0.02291287847 0.5
814 817 0 0 0.5
817 818 0 0 0.5
817 819 0 0 0.5
816 820 0 0 0.5
818 820 0 0 0.5
819 820 0 0 0.5
822 825 3.398529094 0.05296225071 0.5
822 830 0 0 0.5
823 826 3.328062499 0.05454356057 0.5
823 828 2.979093822 0.02291287847 0.5
823 829 2.979093822 0.02291287847 0.5
824 827 0 0 0.5
827 828 0 0 0.5
827 829 0 0 0.5
826 830 0 0 0.5
828 830 0 0 0.5
829 830 0 0 0.5
832 835 3.398529094 0.05296225071 0.5
832 840 0 0 0.5
833 836 3.328062499 0.05454356057 0.5
833 838 2.979093822 0.02291287847 0.5
833 839 2.979093822 0.02291287847 0.5
834 837 0 0 0.5
837 838 0 0 0.5
837 839 0 0 0.5
836 840 0 0 0.5
838 840 0 0 0.5
839 840 0 0 0.5
842 845 3.398529094 0.05296225071 0.5
842 850 0 0 0.5
843 846 3.328062499 0.05454356057 0.5
843 848 2.979093822 0.02291287847 0.5
843 849 2.979093822 0.02291287847 0.5
844 847 0 0 0.5
847 848 0 0 0.5
847 849 0 0 0.5
846 850 0 0 0.5
848 850 0 0 0.5
849 850 0 0 0.5
852 855 3.398529094 0.05296225071 0.5
852 860 0 0 0.5
853 856 3.328062499 0.05454356057 0.5
853 858 2.979093822 0.02291287847 0.5
853 859 2.979093822 0.02291287847 0.5
854 857 0 0 0.5
857 858 0 0 0.5
857 859 0 0 0.5
856 860 0 0 0.5
858 860 0 0 0.5
859 860 0 0 0.5
862 865 3.398529094 0.05296225071 0.5
862 870 0 0 0.5
863 866 3.328062499 0.05454356057 0.5
863 868 2.979093822 0.02291287847 0.5
863 869 2.979093822 0.02291287847 0.5
864 867 0 0 0.5
867 868 0 0 0.5
867 869 0 0 0.5
866 870 0 0 0.5
868 870 0 0 0.5
869 870 0 0 0.5
872 875 3.398529094 0.05296225071 0.5
872 880 0 0 0.5
873 876 3.328062499 0.05454356057 0.5
873 878 2.979093822 0.02291287847 0.5
873 879 2.979093822 0.02291287847 0.5
874 877 0 0 0.5
877 878 0 0 0.5
877 879 0 0 0.5
876 880 0 0 0.5
878 880 0 0 0.5
879 880 0 0 0.5
882 885 3.398529094 0.05296225071 0.5
882 890 0 0 0.5
883 886 3.328062499 0.05454356057 0.5
883 888 2.979093822 0.02291287847 0.5
883 889 2.979093822 0.02291287847 0.5
884 887 0 0 0.5
887 888 0 0 0.5
887 889 0 0 0.5
886 890 0 0 0.5
888 890 0 0 0.5
889 890 0 0 0.5
892 895 3.398529094 0.05296225071 0.5
892 900 0 0 0.5
893 896 3.328062499 0.05454356057 0.5
893 898 2.979093822 0.02291287847 0.5
893 899 2.979093822 0.02291287847 0.5
894 897 0 0 0.5
897 898 0 0 0.5
897 899 0 0 0.5
896 900 0 0 0.5
898 900 0 0 0.5
899 900 0 0 0.5
902 905 3.398529094 0.05296225071 0.5
902 910 0 0 0.5
903 906 3.328062499 0.05454356057 0.5
903 908 2.979093822 0.02291287847 0.5
903 909 2.979093822 0.02291287847 0.5
904 907 0 0 0.5
907 908 0 0 0.5
907 909 0 0 0.5
906 910 0 0 0.5
908 910 0 0 0.5
909 910 0 0 0.5
912 915 3.398529094 0.05296225071 0.5
912 920 0 0 0.5
913 916 3.328062499 0.05454356057 0.5
913 918 2.979093822 0.02291287847 0.5
913 919 2.979093822 0.02291287847 0.5
914 917 0 0 0.5
917 918 0 0 0.5
917 919 0 0 0.5
916 920 0 0 0.5
918 920 0 0 0.5
919 920 0 0 0.5
922 925 3.398529094 0.05296225071 0.5
922 930 0 0 0.5
923 926 3.328062499 0.05454356057 0.5
923 928 2.979093822 0.02291287847 0.5
923 929 2.979093822 0.02291287847 0.5
924 927 0 0 0.5
927 928 0 0 0.5
927 929 0 0 0.5
926 930 0 0 0.5
928 930 0 0 0.5
929 930 0 0 0.5
932 935 3.398529094 0.05296225071 0.5
932 940 0 0 0.5
933 936 3.328062499 0.05454356057 0.5
933 938 2.979093822 0.02291287847 0.5
933 939 2.979093822 0.02291287847 0.5
934 937 0 0 0.5
937 938 0 0 0.5
937 939 0 0 0.5
936 940 0 0 0.5
938 940 0 0 0.5
939 940 0 0 0.5
942 945 3.398529094 0.05296225071 0.5
942 950 0 0 0.5
943 946 3.328062499 0.05454356057 0.5
943 948 2.979093822 0.02291287847 0.5
943 949 2.979093822 0.02291287847 0.5
944 947 0 0 0.5
947 948 0 0 0.5
947 949 0 0 0.5
946 950 0 0 0.5
948 950 0 0 0.5
949 950 0 0 0.5
952 955 3.398529094 0.05296225071 0.5
952 960 0 0 0.5
953 956 3.328062499 0.05454356057 0.5
953 958 2.979093822 0.02291287847 0.5
953 959 2.979093822 0.02291287847 0.5
954 957 0 0 0.5
957 958 0 0 0.5
957 959 0 0 0.5
956 960 0 0 0.5
958 960 0 0 0.5
959 960 0 0 0.5
962 965 3.398529094 0.05296225071 0.5
962 970 0 0 0.5
963 966 3.328062499 0.05454356057 0.5
963 968 2.979093822 0.02291287847 0.5
963 969 2.979093822 0.02291287847 0.5
964 967 0 0 0.5
967 968 0 0 0.5
967 969 0 0 0.5
966 970 0 0 0.5
968 970 0 0 0.5
969 970 0 0 0.5
972 975 3.398529094 0.05296225071 0.5
972 980 0 0 0.5
973 976 3.328062499 0.05454356057 0.5
973 978 2.979093822 0.02291287847 0.5
973 979 2.979093822 0.02291287847 0.5
974 977 0 0 0.5
977 978 0 0 0.5
977 979 0 0 0.5
976 980 0 0 0.5
978 980 0 0 0.5
979 980 0 0 0.5
982 985 3.398529094 0.05296225071 0.5
982 990 0 0 0.5
983 986 3.328062499 0.05454356057 0.5
983 988 2.979093822 0.02291287847 0.5
983 989 2.979093822 0.02291287847 0.5
984 987 0 0 0.5
987 988 0 0 0.5
987 989 0 0 0.5
986 990 0 0 0.5
988 990 0 0 0.5
989 990 0 0 0.5
992 995 3.398529094 0.05296225071 0.5
992 1000 0 0 0.5
993 996 3.328062499 0.05454356057 0.5
993 998 2.979093822 0.02291287847 0.5
993 999 2.979093822 0.02291287847 0.5
994 997 0 0 0.5
997 998 0 0 0.5
997 999 0 0 0.5
996 1000 0 0 0.5
998 1000 0 0 0.5
999 1000 0 0 0.5
1002 1005 3.398529094 0.05296225071 0.5
1002 1010 0 0 0.5
1003 1006 3.328062499 0.05454356057 0.5
1003 1008 2.979093822 0.02291287847 0.5
1003 1009 2.979093822 0.02291287847 0.5
1004 1007 0 0 0.5
1007 1008 0 0 0.5
1007 1009 0 0 0.5
1006 1010 0 0 0.5
1008 1010 0 0 0.5
1009 1010 0 0 0.5
1012 1015 3.398529094 0.05296225071 0.5
1012 1020 0 0 0.5
1013 1016 3.328062499 0.05454356057 0.5
1013 1018 2.979093822 0.02291287847 0.5
1013 1019 2.979093822 0.02291287847 0.5
1014 1017 0 0 0.5
1017 1018 0 0 0.5
1017 1019 0 0 0.5
1016 1020 0 0 0.5
1018 1020 0 0 0.5
1019 1020 0 0 0.5
1022 1025 3.398529094 0.05296225071 0.5
1022 1030 0 0 0.5
1023 1026 3.328062499 0.05454356057 0.5
1023 1028 2.979093822 0.02291287847 0.5
1023 1029 2.979093822 0.02291287847 0.5
1024 1027 0 0 0.5
1027 1028 0 0 0.5
1027 1029 0 0 0.5
1026 1030 0 0 0.5
1028 1030 0 0 0.5
1029 1030 0 0 0.5
1032 1035 3.398529094 0.05296225071 0.5
1032 1040 0 0 0.5
1033 1036 3.328062499 0.05454356057 0.5
1033 1038 2.979093822 0.02291287847 0.5
1033 1039 2.979093822 0.02291287847 0.5
1034 1037 0 0 0.5
1037 1038 0 0 0.5
1037 1039 0 0 0.5
1036 1040 0 0 0.5
1038 1040 0 0 0.5
1039 1040 0 0 0.5
1042 1045 3.398529094 0.05296225071 0.5
1042 1050 0 0 0.5
1043 1046 3.328062499 0.05454356057 0.5
1043 1048 2.979093822 0.02291287847 0.5
1043 1049 2.979093822 0.02291287847 0.5
1044 1047 0 0 0.5
1047 1048 0 0 0.5
1047 1049 0 0 0.5
1046 1050 0 0 0.5
1048 1050 0 0 0.5
1049 1050 0 0 0.5
1052 1055 3.398529094 0.05296225071 0.5
1052 1060 0 0 0.5
1053 1056 3.328062499 0.05454356057 0.5
1053 1058 2.979093822 0.02291287847 0.5
1053 1059 2.979093822 0.02291287847 0.5
1054 1057 0 0 0.5
1057 1058 0 0 0.5
1057 1059 0 0 0.5
1056 1060 0 0 0.5
1058 1060 0 0 0.5
1059 1060 0 0 0.5
1062 1065 3.398529094 0.05296225071 0.5
1062 1070 0 0 0.5
1063 1066 3.328062499 0.05454356057 0.5
1063 1068 2.979093822 0.02291287847 0.5
1063 1069 2.979093822 0.02291287847 0.5
1064 1067 0 0 0.5
1067 1068 0 0 0.5
1067 1069 0 0 0.5
1066 1070 0 0 0.5
1068 1070 0 0 0.5
1069 1070 0 0 0.5
1072 1075 3.398529094 0.05296225071 0.5
1072 1080 0 0 0.5
1073 1076 3.328062499 0.05454356057 0.5
1073 1078 2.979093822 0.02291287847 0.5
1073 1079 2.979093822 0.02291287847 0.5
1074 1077 0 0 0.5
1077 1078 0 0 0.5
1077 1079 0 0 0.5
1076 1080 0 0 0.5
1078 1080 0 0 0.5
1079 1080 0 0 0.5
1082 1085 3.398529094 0.05296225071 0.5
1082 1090 0 0 0.5
1083 1086 3.328062499 0.05454356057 0.5
1083 1088 2.979093822 0.02291287847 0.5
1083 1089 2.979093822 0.02291287847 0.5
1084 1087 0 0 0.5
1087 1088 0 0 0.5
1087 1089 0 0 0.5
1086 1090 0 0 0.5
1088 1090 0 0 0.5
1089 1090 0 0 0.5
1092 1095 3.398529094 0.05296225071 0.5
1092 1100 0 0 0.5
1093 1096 3.328062499 0.05454356057 0.5
1093 1098 2.979093822 0.02291287847 0.5
1093 1099 2.979093822 0.02291287847 0.5
1094 1097 0 0 0.5
1097 1098 0 0 0.5
1097 1099 0 0 0.5
1096 1100 0 0 0.5
1098 1100 0 0 0.5
1099 1100 0 0 0.5
1102 1105 3.398529094 0.05296225071 0.5
1102 1110 0 0 0.5
1103 1106 3.328062499 0.05454356057 0.5
1103 1108 2.979093822 0.02291287847 0.5
1103 1109 2.979093822 0.02291287847 0.5
1104 1107 0 0 0.5
1107 1108 0 0 0.5
1107 1109 0 0 0.5
1106 1110 0 0 0.5
1108 1110 0 0 0.5
1109 1110 0 0 0.5
1112 1115 3.398529094 0.05296225071 0.5
1112 1120 0 0 0.5
1113 1116 3.328062499 0.05454356057 0.5
1113 1118 2.979093822 0.02291287847 0.5
1113 1119 2.979093822 0.02291287847 0.5
1114 1117 0 0 0.5
1117 1118 0 0 0.5
1117 1119 0 0 0.5
1116 1120 0 0 0.5
1118 1120 0 0 0.5
1119 1120 0 0 0.5
1122 1125 3.398529094 0.05296225071 0.5
1122 1130 0 0 0.5
1123 1126 3.328062499 0.05454356057 0.5
1123 1128 2.979093822 0.02291287847 0.5
1123 1129 2.979093822 0.02291287847 0.5
1124 1127 0 0 0.5
1127 1128 0 0 0.5
1127 1129 0 0 0.5
1126 1130 0 0 0.5
1128 1130 0 0 0.5
1129 1130 0 0 0.5
1132 1135 3.398529094 0.05296225071 0.5
1132 1140 0 0 0.5
1133 1136 3.328062499 0.05454356057 0.5
1133 1138 2.979093822 0.02291287847 0.5
1133 1139 2.979093822 0.02291287847 0.5
1134 1137 0 0 0.5
1137 1138 0 0 0.5
1137 1139 0 0 0.5
1136 1140 0 0 0.5
1138 1140 0 0 0.5
1139 1140 0 0 0.5
1142 1145 3.398529094 0.05296225071 0.5
1142 1150 0 0 0.5
1143 1146 3.328062499 0.05454356057 0.5
1143 1148 2.979093822 0.02291287847 0.5
1143 1149 2.979093822 0.02291287847 0.5
1144 1147 0 0 0.5
1147 1148 0 0 0.5
1147 1149 0 0 0.5
1146 1150 0 0 0.5
1148 1150 0 0 0.5
1149 1150 0 0 0.5
1152 1155 3.398529094 0.05296225071 0.5
1152 1160 0 0 0.5
1153 1156 3.328062499 0.05454356057 0.5
1153 1158 2.979093822 0.02291287847 0.5
1153 1159 2.979093822 0.02291287847 0.5
1154 1157 0 0 0.5
1157 1158 0 0 0.5
1157 1159 0 0 0.5
1156 1160 0 0 0.5
1158 1160 0 0 0.5
1159 1160 0 0 0.5
1162 1165 3.398529094 0.05296225071 0.5
1162 1170 0 0 0.5
1163 1166 3.328062499 0.05454356057 0.5
1163 1168 2.979093822 0.02291287847 0.5
1163 1169 2.979093822 0.02291287847 0.5
1164 1167 0 0 0.5
1167 1168 0 0 0.5
1167 1169 0 0 0.5
1166 1170 0 0 0.5
1168 1170 0 0 0.5
1169 1170 0 0 0.5
1172 1175 3.398529094 0.05296225071 0.5
1172 1180 0 0 0.5
1173 1176 3.328062499 0.05454356057 0.5
1173 1178 2.979093822 0.02291287847 0.5
1173 1179 2.979093822 0.02291287847 0.5
1174 1177 0 0 0.5
1177 1178 0 0 0.5
1177 1179 0 0 0.5
1176 1180 0 0 0.5
1178 1180 0 0 0.5
1179 1180 0 0 0.5
1182 1185 3.398529094 0.05296225071 0.5
1182 1190 0 0 0.5
1183 1186 3.328062499 0.05454356057 0.5
1183 1188 2.979093822 0.02291287847 0.5
1183 1189 2.979093822 0.02291287847 0.5
1184 1187 0 0 0.5
1187 1188 0 0 0.5
1187 1189 0 0 0.5
1186 1190 0 0 0.5
1188 1190 0 0 0.5
1189 1190 0 0 0.5
1192 1195 3.398529094 0.05296225071 0.5
1192 1200 0 0 0.5
1193 1196 3.328062499 0.05454356057 0.5
1193 1198 2.979093822 0.02291287847 0.5
1193 1199 2.979093822 0.02291287847 0.5
1194 1197 0 0 0.5
1197 1198 0 0 0.5
1197 1199 0 0 0.5
1196 1200 0 0 0.5
1198 1200 0 0 0.5
1199 1200 0 0 0.5
1202 1205 3.398529094 0.05296225071 0.5
1202 1210 0 0 0.5
1203 1206 3.328062499 0.05454356057 0.5
1203 1208 2.979093822 0.02291287847 0.5
1203 1209 2.979093822 0.02291287847 0.5
1204 1207 0 0 0.5
1207 1208 0 0 0.5
1207 1209 0 0 0.5
1206 1210 0 0 0.5
1208 1210 0 0 0.5
1209 1210 0 0 0.5
1212 1215 3.398529094 0.05296225071 0.5
1212 1220 0 0 0.5
1213 1216 3.328062499 0.05454356057 0.5
1213 1218 2.979093822 0.02291287847 0.5
1213 1219 2.979093822 0.02291287847 0.5
1214 1217 0 0 0.5
1217 1218 0 0 0.5
1217 1219 0 0 0.5
1216 1220 0 0 0.5
1218 1220 0 0 0.5
1219 1220 0 0 0.5
1222 1225 3.398529094 0.05296225071 0.5
1222 1230 0 0 0.5
1223 1226 3.328062499 0.05454356057 0.5
1223 1228 2.979093822 0.02291287847 0.5
1223 1229 2.979093822 0.02291287847 0.5
1224 1227 0 0 0.5
1227 1228 0 0 0.5
1227 1229 0 0 0.5
1226 1230 0 0 0.5
1228 1230 0 0 0.5
1229 1230 0 0 0.5
1232 1235 3.398529094 0.05296225071 0.5
1232 1240 0 0 0.5
1233 1236 3.328062499 0.05454356057 0.5
1233 1238 2.979093822 0.02291287847 0.5
1233 1239 2.979093822 0.02291287847 0.5
1234 1237 0 0 0.5
1237 1238 0 0 0.5
1237 1239 0 0 0.5
1236 1240 0 0 0.5
1238 1240 0 0 0.5
1239 1240 0 0 0.5
1242 1245 3.398529094 0.05296225071 0.5
1242 1250 0 0 0.5
1243 1246 3.328062499 0.05454356057 0.5
1243 1248 2.979093822 0.02291287847 0.5
1243 1249 2.979093822 0.02291287847 0.5
1244 1247 0 0 0.5
1247 1248 0 0 0.5
1247 1249 0 0 0.5
1246 1250 0 0 0.5
1248 1250 0 0 0.5
1249 1250 0 0 0.5
1252 1255 3.398529094 0.05296225071 0.5
1252 1260 0 0 0.5
1253 1256 3.328062499 0.05454356057 0.5
1253 1258 2.979093822 0.02291287847 0.5
1253 1259 2.979093822 0.02291287847 0.5
1254 1257 0 0 0.5
1257 1258 0 0 0.5
1257 1259 0 0 0.5
1256 1260 0 0 0.5
1258 1260 0 0 0.5
1259 1260 0 0 0.5
1262 1265 3.398529094 0.05296225071 0.5
1262 1270 0 0 0.5
1263 1266 3.328062499 0.05454356057 0.5
1263 1268 2.979093822 0.02291287847 0.5
1263 1269 2.979093822 0.02291287847 0.5
1264 1267 0 0 0.5
1267 1268 0 0 0.5
1267 1269 0 0 0.5
1266 1270 0 0 0.5
1268 1270 0 0 0.5
1269 1270 0 0 0.5
1272 1275 3.398529094 0.05296225071 0.5
1272 1280 0 0 0.5
1273 1276 3.328062499 0.05454356057 0.5
1273 1278 2.979093822 0.02291287847 0.5
1273 1279 2.979093822 0.02291287847 0.5
1274 1277 0 0 0.5
1277 1278 0 0 0.5
1277 1279 0 0 0.5
1276 1280 0 0 0.5
1278 1280 0 0 0.5
1279 1280 0 0 0.5
1282 1285 3.398529094 0.05296225071 0.5
1282 1290 0 0 0.5
1283 1286 3.328062499 0.05454356057 0.5
1283 1288 2.979093822 0.02291287847 0.5
1283 1289 2.979093822 0.02291287847 0.5
1284 1287 0 0 0.5
1287 1288 0 0 0.5
1287 1289 0 0 0.5
1286 1290 0 0 0.5
1288 1290 0 0 0.5
1289 1290 0 0 0.5
1292 1295 3.398529094 0.05296225071 0.5
1292 1300 0 0 0.5
1293 1296 3.328062499 0.05454356057 0.5
1293 1298 2.979093822 0.02291287847 0.5
1293 1299 2.979093822 0.02291287847 0.5
1294 1297 0 0 0.5
1297 1298 0 0 0.5
1297 1299 0 0 0.5
1296 1300 0 0 0.5
1298 1300 0 0 0.5
1299 1300 0 0 0.5
1302 1305 3.398529094 0.05296225071 0.5
1302 1310 0 0 0.5
1303 1306 3.328062499 0.05454356057 0.5
1303 1308 2.979093822 0.02291287847 0.5
1303 1309 2.979093822 0.02291287847 0.5
1304 1307 0 0 0.5
1307 1308 0 0 0.5
1307 1309 0 0 0.5
1306 1310 0 0 0.5
1308 1310 0 0 0.5
1309 1310 0 0 0.5
1312 1315 3.398529094 0.05296225071 0.5
1312 1320 0 0 0.5
1313 1316 3.328062499 0.05454356057 0.5
1313 1318 2.979093822 0.02291287847 0.5
1313 1319 2.979093822 0.02291287847 0.5
1314 1317 0 0 0.5
1317 1318 0 0 0.5
1317 1319 0 0 0.5
1316 1320 0 0 0.5
1318 1320 0 0 0.5
1319 1320 0 0 0.5
1322 1325 3.398529094 0.05296225071 0.5
1322 1330 0 0 0.5
1323 1326 3.328062499 0.05454356057 0.5
1323 1328 2.979093822 0.02291287847 0.5
1323 1329 2.979093822 0.02291287847 0.5
1324 1327 0 0 0.5
1327 1328 0 0 0.5
1327 1329 0 0 0.5
1326 1330 0 0 0.5
1328 1330 0 0 0.5
1329 1330 0 0 0.5
1332 1335 3.398529094 0.05296225071 0.5
1332 1340 0 0 0.5
1333 1336 3.328062499 0.05454356057 0.5
1333 1338 2.979093822 0.02291287847 0.5
1333 1339 2.979093822 0.02291287847 0.5
1334 1337 0 0 0.5
1337 1338 0 0 0.5
1337 1339 0 0 0.5
1336 1340 0 0 0.5
1338 1340 0 0 0.5
1339 1340 0 0 0.5
1342 1345 3.398529094 0.05296225071 0.5
1342 1350 0 0 0.5
1343 1346 3.328062499 0.05454356057 0.5
1343 1348 2.979093822 0.02291287847 0.5
1343 1349 2.979093822 0.02291287847 0.5
1344 1347 0 0 0.5
1347 1348 0 0 0.5
1347 1349 0 0 0.5
1346 1350 0 0 0.5
1348 1350 0 0 0.5
1349 1350 0 0 0.5
1352 1355 3.398529094 0.05296225071 0.5
1352 1360 0 0 0.5
1353 1356 3.328062499 0.05454356057 0.5
1353 1358 2.979093822 0.02291287847 0.5
1353 1359 2.979093822 0.02291287847 0.5
1354 1357 0 0 0.5
1357 1358 0 0 0.5
1357 1359 0 0 0.5
1356 1360 0 0 0.5
1358 1360 0 0 0.5
1359 1360 0 0 0.5
1362 1365 3.398529094 0.05296225071 0.5
1362 1370 0 0 0.5
1363 1366 3.328062499 0.05454356057 0.5
1363 1368 2.979093822 0.02291287847 0.5
1363 1369 2.979093822 0.02291287847 0.5
1364 1367 0 0 0.5
1367 1368 0 0 0.5
1367 1369 0 0 0.5
1366 1370 0 0 0.5
1368 1370 0 0 0.5
1369 1370 0 0 0.5
1372 1375 3.398529094 0.05296225071 0.5
1372 1380 0 0 0.5
1373 1376 3.328062499 0.05454356057 0.5
1373 1378 2.979093822 0.02291287847 0.5
1373 1379 2.979093822 0.02291287847 0.5
1374 1377 0 0 0.5
1377 1378 0 0 0.5
1377 1379 0 0 0.5
1376 1380 0 0 0.5
1378 1380 0 0 0.5
1379 1380 0 0 0.5
1382 1385 3.398529094 0.05296225071 0.5
1382 1390 0 0 0.5
1383 1386 3.328062499 0.05454356057 0.5
1383 1388 2.979093822 0.02291287847 0.5
1383 1389 2.979093822 0.02291287847 0.5
1384 1387 0 0 0.5
1387 1388 0 0 0.5
1387 1389 0 0 0.5
1386 1390 0 0 0.5
1388 1390 0 0 0.5
1389 1390 0 0 0.5
1392 1395 3.398529094 0.05296225071 0.5
1392 1400 0 0 0.5
1393 1396 3.328062499 0.05454356057 0.5
1393 1398 2.979093822 0.02291287847 0.5
1393 1399 2.979093822 0.02291287847 0.5
1394 1397 0 0 0.5
1397 1398 0 0 0.5
1397 1399 0 0 0.5
1396 1400 0 0 0.5
1398 1400 0 0 0.5
1399 1400 0 0 0.5
1402 1405 3.398529094 0.05296225071 0.5
1402 1410 0 0 0.5
1403 1406 3.328062499 0.05454356057 0.5
1403 1408 2.979093822 0.02291287847 0.5
1403 1409 2.979093822 0.02291287847 0.5
1404 1407 0 0 0.5
1407 1408 0 0 0.5
1407 1409 0 0 0.5
1406 1410 0 0 0.5
1408 1410 0 0 0.5
1409 1410 0 0 0.5
1412 1415 3.398529094 0.05296225071 0.5
1412 1420 0 0 0.5
1413 1416 3.328062499 0.05454356057 0.5
1413 1418 2.979093822 0.02291287847 0.5
1413 1419 2.979093822 0.02291287847 0.5
1414 1417 0 0 0.5
1417 1418 0 0 0.5
1417 1419 0 0 0.5
1416 1420 0 0 0.5
1418 1420 0 0 0.5
1419 1420 0 0 0.5
1422 1425 3.398529094 0.05296225071 0.5
1422 1430 0 0 0.5
1423 1426 3.328062499 0.05454356057 0.5
1423 1428 2.979093822 0.02291287847 0.5
1423 1429 2.979093822 0.02291287847 0.5
1424 1427 0 0 0.5
1427 1428 0 0 0.5
1427 1429 0 0 0.5
1426 1430 0 0 0.5
1428 1430 0 0 0.5
1429 1430 0 0 0.5
1432 1435 3.398529094 0.05296225071 0.5
1432 1440 0 0 0.5
1433 1436 3.328062499 0.05454356057 0.5
1433 1438 2.979093822 0.02291287847 0.5
1433 1439 2.979093822 0.02291287847 0.5
1434 1437 0 0 0.5
1437 1438 0 0 0.5
1437 1439 0 0 0.5
1436 1440 0 0 0.5
1438 1440 0 0 0.5
1439 1440 0 0 0.5
1442 1445 3.398529094 0.05296225071 0.5
1442 1450 0 0 0.5
1443 1446 3.328062499 0.05454356057 0.5
1443 1448 2.979093822 0.02291287847 0.5
1443 1449 2.979093822 0.02291287847 0.5
1444 1447 0 0 0.5
1447 1448 0 0 0.5
1447 1449 0 0 0.5
1446 1450 0 0 0.5
1448 1450 0 0 0.5
1449 1450 0 0 0.5
1452 1455 3.398529094 0.05296225071 0.5
1452 1460 0 0 0.5
1453 1456 3.328062499 0.05454356057 0.5
1453 1458 2.979093822 0.02291287847 0.5
1453 1459 2.979093822 0.02291287847 0.5
1454 1457 0 0 0.5
1457 1458 0 0 0.5
1457 1459 0 0 0.5
1456 1460 0 0 0.5
1458 1460 0 0 0.5
1459 1460 0 0 0.5
1462 1465 3.398529094 0.05296225071 0.5
1462 1470 0 0 0.5
1463 1466 3.328062499 0.05454356057 0.5
1463 1468 2.979093822 0.02291287847 0.5
1463 1469 2.979093822 0.02291287847 0.5
1464 1467 0 0 0.5
1467 1468 0 0 0.5
1467 1469 0 0 0.5
1466 1470 0 0 0.5
1468 1470 0 0 0.5
1469 1470 0 0 0.5
1472 1475 3.398529094 0.05296225071 0.5
1472 1480 0 0 0.5
1473 1476 3.328062499 0.05454356057 0.5
1473 1478 2.979093822 0.02291287847 0.5
1473 1479 2.979093822 0.02291287847 0.5
1474 1477 0 0 0.5
1477 1478 0 0 0.5
1477 1479 0 0 0.5
1476 1480 0 0 0.5
1478 1480 0 0 0.5
1479 1480 0 0 0.5
1482 1485 3.398529094 0.05296225071 0.5
1482 1490 0 0 0.5
1483 1486 3.328062499 0.05454356057 0.5
1483 1488 2.979093822 0.02291287847 0.5
1483 1489 2.979093822 0.02291287847 0.5
1484 1487 0 0 0.5
1487 1488 0 0 0.5
1487 1489 0 0 0.5
1486 1490 0 0 0.5
1488 1490 0 0 0.5
1489 1490 0 0 0.5
1492 1495 3.398529094 0.05296225071 0.5
1492 1500 0 0 0.5
1493 1496 3.328062499 0.05454356057 0.5
1493 1498 2.979093822 0.02291287847 0.5
1493 1499 2.979093822 0.02291287847 0.5
1494 1497 0 0 0.5
1497 1498 0 0 0.5
1497 1499 0 0 0.5
1496 1500 0 0 0.5
1498 1500 0 0 0.5
1499 1500 0 0 0.5
2 13 3.422718218 0.05454356057 0.5
2 25 3.398529094 0.05296225071 0.5
2 30 0 0 0.5
3 14 3.422718218 0.05454356057 0.5
3 22 3.422718218 0.05454356057 0.5
3 24 3.422718218 0.05454356057 0.5
4 13 3.422718218 0.05454356057 0.5
4 23 3.422718218 0.05454356057 0.5
5 12 3.398529094 0.05296225071 0.5
10 12 0 0 0.5
12 23 3.422718218 0.05454356057 0.5
13 24 3.422718218 0.05454356057 0.5
14 23 3.422718218 0.05454356057 0.5
15 22 3.398529094 0.05296225071 0.5
20 22 0 0 0.5
32 43 3.422718218 0.05454356057 0.5
32 55 3.398529094 0.05296225071 0.5
32 60 0 0 0.5
33 44 3.422718218 0.05454356057 0.5
33 52 3.422718218 0.05454356057 0.5
33 54 3.422718218 0.05454356057 0.5
34 43 3.422718218 0.05454356057 0.5
34 53 3.422718218 0.05454356057 0.5
35 42 3.398529094 0.05296225071 0.5
40 42 0 0 0.5
42 53 3.422718218 0.05454356057 0.5
43 54 3.422718218 0.05454356057 0.5
44 53 3.422718218 0.05454356057 0.5
45 52 3.398529094 0.05296225071 0.5
50 52 0 0 0.5
62 73 3.422718218 0.05454356057 0.5
62 85 3.398529094 0.05296225071 0.5
62 90 0 0 0.5
63 74 3.422718218 0.05454356057 0.5
63 82 3.422718218 0.05454356057 0.5
63 84 3.422718218 0.05454356057 0.5
64 73 3.422718218 0.05454356057 0.5
64 83 3.422718218 0.05454356057 0.5
65 72 3.398529094 0.05296225071 0.5
70 72 0 0 0.5
72 83 3.422718218 0.05454356057 0.5
73 84 3.422718218 0.05454356057 0.5
74 83 3.422718218 0.05454356057 0.5
75 82 3.398529094 0.05296225071 0.5
80 82 0 0 0.5
92 103 3.422718218 0.05454356057 0.5
92 115 3.398529094 0.05296225071 0.5
92 120 0 0 0.5
93 104 3.422718218 0.05454356057 0.5
93 112 3.422718218 0.05454356057 0.5
93 114 3.422718218 0.05454356057 0.5
94 103 3.422718218 0.05454356057 0.5
94 113 3.422718218 0.05454356057 0.5
95 102 3.398529094 0.05296225071 0.5
100 102 0 0 0.5
102 113 3.422718218 0.05454356057 0.5
103 114 3.422718218 0.05454356057 0.5
104 113 3.422718218 0.05454356057 0.5
105 112 3.398529094 0.05296225071 0.5
110 112 0 0 0.5
122 133 3.422718218 0.05454356057 0.5
122 145 3.398529094 0.05296225071 0.5
122 150 0 0 0.5
123 134 3.422718218 0.05454356057 0.5
123 142 3.422718218 0.05454356057 0.5
123 144 3.422718218 0.05454356057 0.5
124 133 3.422718218 0.05454356057 0.5
124 143 3.422718218 0.05454356057 0.5
125 132 3.398529094 0.05296225071 0.5
130 132 0 0 0.5
132 143 3.422718218 0.05454356057 0.5
133 144 3.422718218 0.05454356057 0.5
134 143 3.422718218 0.05454356057 0.5
135 142 3.398529094 0.05296225071 0.5
140 142 0 0 0.5
152 163 3.422718218 0.05454356057 0.5
152 175 3.398529094 0.05296225071 0.5
152 180 0 0 0.5
153 164 3.422718218 0.05454356057 0.5
153 172 3.422718218 0.05454356057 0.5
153 174 3.422718218 0.05454356057 0.5
154 163 3.422718218 0.05454356057 0.5
154 173 3.422718218 0.05454356057 0.5
155 162 3.398529094 0.05296225071 0.5
160 162 0 0 0.5
162 173 3.422718218 0.05454356057 0.5
163 174 3.422718218 0.05454356057 0.5
164 173 3.422718218 0.05454356057 0.5
165 172 3.398529094 0.05296225071 0.5
170 172 0 0 0.5
182 193 3.422718218 0.05454356057 0.5
182 205 3.398529094 0.05296225071 0.5
182 210 0 0 0.5
183 194 3.422718218 0.05454356057 0.5
183 202 3.422718218 0.05454356057 0.5
183 204 3.422718218 0.05454356057 0.5
184 193 3.422718218 0.05454356057 0.5
184 203 3.422718218 0.05454356057 0.5
185 192 3.398529094 0.05296225071 0.5
190 192 0 0 0.5
192 203 3.422718218 0.05454356057 0.5
193 204 3.422718218 0.05454356057 0.5
194 203 3.422718218 0.05454356057 0.5
195 202 3.398529094 0.05296225071 0.5
200 202 0 0 0.5
212 223 3.422718218 0.05454356057 0.5
212 235 3.398529094 0.05296225071 0.5
212 240 0 0 0.5
213 224 3.422718218 0.05454356057 0.5
213 232 3.422718218 0.05454356057 0.5
213 234 3.422718218 0.05454356057 0.5
214 223 3.422718218 0.05454356057 0.5
214 233 3.422718218 0.05454356057 0.5
215 222 3.398529094 0.05296225071 0.5
220 222 0 0 0.5
222 233 3.422718218 0.05454356057 0.5
223 234 3.422718218 0.05454356057 0.5
224 233 3.422718218 0.05454356057 0.5
225 232 3.398529094 0.05296225071 0.5
230 232 0 0 0.5
242 253 3.422718218 0.05454356057 0.5
242 265 3.398529094 0.05296225071 0.5
242 270 0 0 0.5
243 254 3.422718218 0.05454356057 0.5
243 262 3.422718218 0.05454356057 0.5
243 264 3.422718218 0.05454356057 0.5
244 253 3.422718218 0.05454356057 0.5
244 263 3.422718218 0.05454356057 0.5
245 252 3.398529094 0.05296225071 0.5
250 252 0 0 0.5
252 263 3.422718218 0.05454356057 0.5
253 264 3.422718218 0.05454356057 0.5
254 263 3.422718218 0.05454356057 0.5
255 262 3.398529094 0.05296225071 0.5
260 262 0 0 0.5
272 283 3.422718218 0.05454356057 0.5
272 295 3.398529094 0.05296225071 0.5
272 300 0 0 0.5
273 284 3.422718218 0.05454356057 0.5
273 292 3.422718218 0.05454356057 0.5
273 294 3.422718218 0.05454356057 0.5
274 283 3.422718218 0.05454356057 0.5
274 293 3.422718218 0.05454356057 0.5
275 282 3.398529094 0.05296225071 0.5
280 282 0 0 0.5
282 293 3.422718218 0.05454356057 0.5
283 294 3.422718218 0.05454356057 0.5
284 293 3.422718218 0.05454356057 0.5
285 292 3.398529094 0.05296225071 0.5
290 292 0 0 0.5
302 313 3.422718218 0.05454356057 0.5
302 325 3.398529094 0.05296225071 0.5
302 330 0 0 0.5
303 314 3.422718218 0.05454356057 0.5
303 322 3.422718218 0.05454356057 0.5
303 324 3.422718218 0.05454356057 0.5
304 313 3.422718218 0.05454356057 0.5
304 323 3.422718218 0.05454356057 0.5
305 312 3.398529094 0.05296225071 0.5
310 312 0 0 0.5
312 323 3.422718218 0.05454356057 0.5
313 324 3.422718218 0.05454356057 0.5
314 323 3.422718218 0.05454356057 0.5
315 322 3.398529094 0.05296225071 0.5
320 322 0 0 0.5
332 343 3.422718218 0.05454356057 0.5
332 355 3.398529094 0.05296225071 0.5
332 360 0 0 0.5
333 344 3.422718218 0.05454356057 0.5
333 352 3.422718218 0.05454356057 0.5
333 354 3.422718218 0.05454356057 0.5
334 343 3.422718218 0.05454356057 0.5
334 353 3.422718218 0.05454356057 0.5
335 342 3.398529094 0.05296225071 0.5
340 342 0 0 0.5
342 353 3.422718218 0.05454356057 0.5
343 354 3.422718218 0.05454356057 0.5
344 353 3.422718218 0.05454356057 0.5
345 352 3.398529094 0.05296225071 0.5
350 352 0 0 0.5
362 373 3.422718218 0.05454356057 0.5
362 385 3.398529094 0.05296225071 0.5
362 390 0 0 0.5
363 374 3.422718218 0.05454356057 0.5
363 382 3.422718218 0.05454356057 0.5
363 384 3.422718218 0.05454356057 0.5
364 373 3.422718218 0.05454356057 0.5
364 383 3.422718218 0.05454356057 0.5
365 372 3.398529094 0.05296225071 0.5
370 372 0 0 0.5
372 383 3.422718218 0.05454356057 0.5
373 384 3.422718218 0.05454356057 0.5
374 383 3.422718218 0.05454356057 0.5
375 382 3.398529094 0.05296225071 0.5
380 382 0 0 0.5
392 403 3.422718218 0.05454356057 0.5
392 415 3.398529094 0.05296225071 0.5
392 420 0 0 0.5
393 404 3.422718218 0.05454356057 0.5
393 412 3.422718218 0.05454356057 0.5
393 414 3.422718218 0.05454356057 0.5
394 403 3.422718218 0.05454356057 0.5
394 413 3.422718218 0.05454356057 0.5
395 402 3.398529094 0.05296225071 0.5
400 402 0 0 0.5
402 413 3.422718218 0.05454356057 0.5
403 414 3.422718218 0.05454356057 0.5
404 413 3.422718218 0.05454356057 0.5
405 412 3.398529094 0.05296225071 0.5
410 412 0 0 0.5
422 433 3.422718218 0.05454356057 0.5
422 445 3.398529094 0.05296225071 0.5
422 450 0 0 0.5
423 434 3.422718218 0.05454356057 0.5
423 442 3.422718218 0.05454356057 0.5
423 444 3.422718218 0.05454356057 0.5
424 433 3.422718218 0.05454356057 0.5
424 443 3.422718218 0.05454356057 0.5
425 432 3.398529094 0.05296225071 0.5
430 432 0 0 0.5
432 443 3.422718218 0.05454356057 0.5
433 444 3.422718218 0.05454356057 0.5
434 443 3.422718218 0.05454356057 0.5
435 442 3.398529094 0.05296225071 0.5
440 442 0 0 0.5
452 463 3.422718218 0.05454356057 0.5
452 475 3.398529094 0.05296225071 0.5
452 480 0 0 0.5
453 464 3.422718218 0.05454356057 0.5
453 472 3.422718218 0.05454356057 0.5
453 474 3.422718218 0.05454356057 0.5
454 463 3.422718218 0.05454356057 0.5
454 473 3.422718218 0.05454356057 0.5
455 462 3.398529094 0.05296225071 0.5
460 462 0 0 0.5
462 473 3.422718218 0.05454356057 0.5
463 474 3.422718218 0.05454356057 0.5
464 473 3.422718218 0.05454356057 0.5
465 472 3.398529094 0.05296225071 0.5
470 472 0 0 0.5
482 493 3.422718218 0.05454356057 0.5
482 505 3.398529094 0.05296225071 0.5
482 510 0 0 0.5
483 494 3.422718218 0.05454356057 0.5
483 502 3.422718218 0.05454356057 0.5
483 504 3.422718218 0.05454356057 0.5
484 493 3.422718218 0.05454356057 0.5
484 503 3.422718218 0.05454356057 0.5
485 492 3.398529094 0.05296225071 0.5
490 492 0 0 0.5
492 503 3.422718218 0.05454356057 0.5
493 504 3.422718218 0.05454356057 0.5
494 503 3.422718218 0.05454356057 0.5
495 502 3.398529094 0.05296225071 0.5
500 502 0 0 0.5
512 523 3.422718218 0.05454356057 0.5
512 535 3.398529094 0.05296225071 0.5
512 540 0 0 0.5
513 524 3.422718218 0.05454356057 0.5
513 532 3.422718218 0.05454356057 0.5
513 534 3.422718218 0.05454356057 0.5
514 523 3.422718218 0.05454356057 0.5
514 533 3.422718218 0.05454356057 0.5
515 522 3.398529094 0.05296225071 0.5
520 522 0 0 0.5
522 533 3.422718218 0.05454356057 0.5
523 534 3.422718218 0.05454356057 0.5
524 533 3.422718218 0.05454356057 0.5
525 532 3.398529094 0.05296225071 0.5
530 532 0 0 0.5
542 553 3.422718218 0.05454356057 0.5
542 565 3.398529094 0.05296225071 0.5
542 570 0 0 0.5
543 554 3.422718218 0.05454356057 0.5
543 562 3.422718218 0.05454356057 0.5
543 564 3.422718218 0.05454356057 0.5
544 553 3.422718218 0.05454356057 0.5
544 563 3.422718218 0.05454356057 0.5
545 552 3.398529094 0.05296225071 0.5
550 552 0 0 0.5
552 563 3.422718218 0.05454356057 0.5
553 564 3.422718218 0.05454356057 0.5
554 563 3.422718218 0.05454356057 0.5
555 562 3.398529094 0.05296225071 0.5
560 562 0 0 0.5
572 583 3.422718218 0.05454356057 0.5
572 595 3.398529094 0.05296225071 0.5
572 600 0 0 0.5
573 584 3.422718218 0.05454356057 0.5
573 592 3.422718218 0.05454356057 0.5
573 594 3.422718218 0.05454356057 0.5
574 583 3.422718218 0.05454356057 0.5
574 593 3.422718218 0.05454356057 0.5
575 582 3.398529094 0.05296225071 0.5
580 582 0 0 0.5
582 593 3.422718218 0.05454356057 0.5
583 594 3.422718218 0.05454356057 0.5
584 593 3.422718218 0.05454356057 0.5
585 592 3.398529094 0.05296225071 0.5
590 592 0 0 0.5
602 613 3.422718218 0.05454356057 0.5
602 625 3.398529094 0.05296225071 0.5
602 630 0 0 0.5
603 614 3.422718218 0.05454356057 0.5
603 622 3.422718218 0.05454356057 0.5
603 624 3.422718218 0.05454356057 0.5
604 613 3.422718218 0.05454356057 0.5
604 623 3.422718218 0.05454356057 0.5
605 612 3.398529094 0.05296225071 0.5
610 612 0 0 0.5
612 623 3.422718218 0.05454356057 0.5
613 624 3.422718218 0.05454356057 0.5
614 623 3.422718218 0.05454356057 0.5
615 622 3.398529094 0.05296225071 0.5
620 622 0 0 0.5
632 643 3.422718218 0.05454356057 0.5
632 655 3.398529094 0.05296225071 0.5
632 660 0 0 0.5
633 644 3.422718218 0.05454356057 0.5
633 652 3.422718218 0.05454356057 0.5
633 654 3.422718218 0.05454356057 0.5
634 643 3.422718218 0.05454356057 0.5
634 653 3.422718218 0.05454356057 0.5
635 642 3.398529094 0.05296225071 0.5
640 642 0 0 0.5
642 653 3.422718218 0.05454356057 0.5
643 654 3.422718218 0.05454356057 0.5
644 653 3.422718218 0.05454356057 0.5
645 652 3.398529094 0.05296225071 0.5
650 652 0 0 0.5
662 673 3.422718218 0.05454356057 0.5
662 685 3.398529094 0.05296225071 0.5
662 690 0 0 0.5
663 674 3.422718218 0.05454356057 0.5
663 682 3.422718218 0.05454356057 0.5
663 684 3.422718218 0.05454356057 0.5
664 673 3.422718218 0.05454356057 0.5
664 683 3.422718218 0.05454356057 0.5
665 672 3.398529094 0.05296225071 0.5
670 672 0 0 0.5
672 683 3.422718218 0.05454356057 0.5
673 684 3.422718218 0.05454356057 0.5
674 683 3.422718218 0.05454356057 0.5
675 682 3.398529094 0.05296225071 0.5
680 682 0 0 0.5
692 703 3.422718218 0.05454356057 0.5
692 715 3.398529094 0.05296225071 0.5
692 720 0 0 0.5
693 704 3.422718218 0.05454356057 0.5
693 712 3.422718218 0.05454356057 0.5
693 714 3.422718218 0.05454356057 0.5
694 703 3.422718218 0.05454356057 0.5
694 713 3.422718218 0.05454356057 0.5
695 702 3.398529094 0.05296225071 0.5
700 702 0 0 0.5
702 713 3.422718218 0.05454356057 0.5
703 714 3.422718218 0.05454356057 0.5
704 713 3.422718218 0.05454356057 0.5
705 712 3.398529094 0.05296225071 0.5
710 712 0 0 0.5
722 733 3.422718218 0.05454356057 0.5
722 745 3.398529094 0.05296225071 0.5
722 750 0 0 0.5
723 734 3.422718218 0.05454356057 0.5
723 742 3.422718218 0.05454356057 0.5
723 744 3.422718218 0.05454356057 0.5
724 733 3.422718218 0.05454356057 0.5
724 743 3.422718218 0.05454356057 0.5
725 732 3.398529094 0.05296225071 0.5
730 732 0 0 0.5
732 743 3.422718218 0.05454356057 0.5
733 744 3.422718218 0.05454356057 0.5
734 743 3.422718218 0.05454356057 0.5
735 742 3.398529094 0.05296225071 0.5
740 742 0 0 0.5
752 763 3.422718218 0.05454356057 0.5
752 775 3.398529094 0.05296225071 0.5
752 780 0 0 0.5
753 764 3.422718218 0.05454356057 0.5
753 772 3.422718218 0.05454356057 0.5
753 774 3.422718218 0.05454356057 0.5
754 763 3.422718218 0.05454356057 0.5
754 773 3.422718218 0.05454356057 0.5
755 762 3.398529094 0.05296225071 0.5
760 762 0 0 0.5
762 773 3.422718218 0.05454356057 0.5
763 774 3.422718218 0.05454356057 0.5
764 773 3.422718218 0.05454356057 0.5
765 772 3.398529094 0.05296225071 0.5
770 772 0 0 0.5
782 793 3.422718218 0.05454356057 0.5
782 805 3.398529094 0.05296225071 0.5
782 810 0 0 0.5
783 794 3.422718218 0.05454356057 0.5
783 802 3.422718218 0.05454356057 0.5
783 804 3.422718218 0.05454356057 0.5
784 793 3.422718218 0.05454356057 0.5
784 803 3.422718218 0.05454356057 0.5
785 792 3.398529094 0.05296225071 0.5
790 792 0 0 0.5
792 803 3.422718218 0.05454356057 0.5
793 804 3.422718218 0.05454356057 0.5
794 803 3.422718218 0.05454356057 0.5
795 802 3.398529094 0.05296225071 0.5
800 802 0 0 0.5
812 823 3.422718218 0.05454356057 0.5
812 835 3.398529094 0.05296225071 0.5
812 840 0 0 0.5
813 824 3.422718218 0.05454356057 0.5
813 832 3.422718218 0.05454356057 0.5
813 834 3.422718218 0.05454356057 0.5
814 823 3.422718218 0.05454356057 0.5
814 833 3.422718218 0.05454356057 0.5
815 822 3.398529094 0.05296225071 0.5
820 822 0 0 0.5
822 833 3.422718218 0.05454356057 0.5
823 834 3.422718218 0.05454356057 0.5
824 833 3.422718218 0.05454356057 0.5
825 832 3.398529094 0.05296225071 0.5
830 832 0 0 0.5
842 853 3.422718218 0.05454356057 0.5
842 865 3.398529094 0.05296225071 0.5
842 870 0 0 0.5
843 854 3.422718218 0.05454356057 0.5
843 862 3.422718218 0.05454356057 0.5
843 864 3.422718218 0.05454356057 0.5
844 853 3.422718218 0.05454356057 0.5
844 863 3.422718218 0.05454356057 0.5
845 852 3.398529094 0.05296225071 0.5
850 852 0 0 0.5
852 863 3.422718218 0.05454356057 0.5
853 864 3.422718218 0.05454356057 0.5
854 863 3.422718218 0.05454356057 0.5
855 862 3.398529094 0.05296225071 0.5
860 862 0 0 0.5
872 883 3.422718218 0.05454356057 0.5
872 895 3.398529094 0.05296225071 0.5
872 900 0 0 0.5
873 884 3.422718218 0.05454356057 0.5
873 892 3.422718218 0.05454356057 0.5
873 894 3.422718218 0.05454356057 0.5
874 883 3.422718218 0.05454356057 0.5
874 893 3.422718218 0.05454356057 0.5
875 882 3.398529094 0.05296225071 0.5
880 882 0 0 0.5
882 893 3.422718218 0.05454356057 0.5
883 894 3.422718218 0.05454356057 0.5
884 893 3.422718218 0.05454356057 0.5
885 892 3.398529094 0.05296225071 0.5
890 892 0 0 0.5
902 913 3.422718218 0.05454356057 0.5
902 925 3.398529094 0.05296225071 0.5
902 930 0 0 0.5
903 914 3.422718218 0.05454356057 0.5
903 922 3.422718218 0.05454356057 0.5
903 924 3.422718218 0.05454356057 0.5
904 913 3.422718218 0.05454356057 0.5
904 923 3.422718218 0.05454356057 0.5
905 912 3.398529094 0.05296225071 0.5
910 912 0 0 0.5
912 923 3.422718218 0.05454356057 0.5
913 924 3.422718218 0.05454356057 0.5
914 923 3.422718218 0.05454356057 0.5
915 922 3.398529094 0.05296225071 0.5
920 922 0 0 0.5
932 943 3.422718218 0.05454356057 0.5
932 955 3.398529094 0.05296225071 0.5
932 960 0 0 0.5
933 944 3.422718218 0.05454356057 0.5
933 952 3.422718218 0.05454356057 0.5
933 954 3.422718218 0.05454356057 0.5
934 943 3.422718218 0.05454356057 0.5
934 953 3.422718218 0.05454356057 0.5
935 942 3.398529094 0.05296225071 0.5
940 942 0 0 0.5
942 953 3.422718218 0.05454356057 0.5
943 954 3.422718218 0.05454356057 0.5
944 953 3.422718218 0.05454356057 0.5
945 952 3.398529094 0.05296225071 0.5
950 952 0 0 0.5
962 973 3.422718218 0.05454356057 0.5
962 985 3.398529094 0.05296225071 0.5
962 990 0 0 0.5
963 974 3.422718218 0.05454356057 0.5
963 982 3.422718218 0.05454356057 0.5
963 984 3.422718218 0.05454356057 0.5
964 973 3.422718218 0.05454356057 0.5
964 983 3.422718218 0.05454356057 0.5
965 972 3.398529094 0.05296225071 0.5
970 972 0 0 0.5
972 983 3.422718218 0.05454356057 0.5
973 984 3.422718218 0.05454356057 0.5
974 983 3.422718218 0.05454356057 0.5
975 982 3.398529094 0.05296225071 0.5
980 982 0 0 0.5
992 1003 3.422718218 0.05454356057 0.5
992 1015 3.398529094 0.05296225071 0.5
992 1020 0 0 0.5
993 1004 3.422718218 0.05454356057 0.5
993 1012 3.422718218 0.05454356057 0.5
993 1014 3.422718218 0.05454356057 0.5
994 1003 3.422718218 0.05454356057 0.5
994 1013 3.422718218 0.05454356057 0.5
995 1002 3.398529094 0.05296225071 0.5
1000 1002 0 0 0.5
1002 1013 3.422718218 0.05454356057 0.5
1003 1014 3.422718218 0.05454356057 0.5
1004 1013 3.422718218 0.05454356057 0.5
1005 1012 3.398529094 0.05296225071 0.5
1010 1012 0 0 0.5
1022 1033 3.422718218 0.05454356057 0.5
1022 1045 3.398529094 0.05296225071 0.5
1022 1050 0 0 0.5
1023 1034 3.422718218 0.05454356057 0.5
1023 1042 3.422718218 0.05454356057 0.5
1023 1044 3.422718218 0.05454356057 0.5
1024 1033 3.422718218 0.05454356057 0.5
1024 1043 3.422718218 0.05454356057 0.5
1025 1032 3.398529094 0.05296225071 0.5
1030 1032 0 0 0.5
1032 1043 3.422718218 0.05454356057 0.5
1033 1044 3.422718218 0.05454356057 0.5
1034 1043 3.422718218 0.05454356057 0.5
1035 1042 3.398529094 0.05296225071 0.5
1040 1042 0 0 0.5
1052 1063 3.422718218 0.05454356057 0.5
1052 1075 3.398529094 0.05296225071 0.5
1052 1080 0 0 0.5
1053 1064 3.422718218 0.05454356057 0.5
1053 1072 3.422718218 0.05454356057 0.5
1053 1074 3.422718218 0.05454356057 0.5
1054 1063 3.422718218 0.05454356057 0.5
1054 1073 3.422718218 0.05454356057 0.5
1055 1062 3.398529094 0.05296225071 0.5
1060 1062 0 0 0.5
1062 1073 3.422718218 0.05454356057 0.5
1063 1074 3.422718218 0.05454356057 0.5
1064 1073 3.422718218 0.05454356057 0.5
1065 1072 3.398529094 0.05296225071 0.5
1070 1072 0 0 0.5
1082 1093 3.422718218 0.05454356057 0.5
1082 1105 3.398529094 0.05296225071 0.5
1082 1110 0 0 0.5
1083 1094 3.422718218 0.05454356057 0.5
1083 1102 3.422718218 0.05454356057 0.5
1083 1104 3.422718218 0.05454356057 0.5
1084 1093 3.422718218 0.05454356057 0.5
1084 1103 3.422718218 0.05454356057 0.5
1085 1092 3.398529094 0.05296225071 0.5
1090 1092 0 0 0.5
1092 1103 3.422718218 0.05454356057 0.5
1093 1104 3.422718218 0.05454356057 0.5
1094 1103 3.422718218 0.05454356057 0.5
1095 1102 3.398529094 0.05296225071 0.5
1100 1102 0 0 0.5
1112 1123 3.422718218 0.05454356057 0.5
1112 1135 3.398529094 0.05296225071 0.5
1112 1140 0 0 0.5
1113 1124 3.422718218 0.05454356057 0.5
1113 1132 3.422718218 0.05454356057 0.5
1113 1134 3.422718218 0.05454356057 0.5
1114 1123 3.422718218 0.05454356057 0.5
1114 1133 3.422718218 0.05454356057 0.5
1115 1122 3.398529094 0.05296225071 0.5
1120 1122 0 0 0.5
1122 1133 3.422718218 0.05454356057 0.5
1123 1134 3.422718218 0.05454356057 0.5
1124 1133 3.422718218 0.05454356057 0.5
1125 1132 3.398529094 0.05296225071 0.5
1130 1132 0 0 0.5
1142 1153 3.422718218 0.05454356057 0.5
1142 1165 3.398529094 0.05296225071 0.5
1142 1170 0 0 0.5
1143 1154 3.422718218 0.05454356057 0.5
1143 1162 3.422718218 0.05454356057 0.5
1143 1164 3.422718218 0.05454356057 0.5
1144 1153 3.422718218 0.05454356057 0.5
1144 1163 3.422718218 0.05454356057 0.5
1145 1152 3.398529094 0.05296225071 0.5
1150 1152 0 0 0.5
1152 1163 3.422718218 0.05454356057 0.5
1153 1164 3.422718218 0.05454356057 0.5
1154 1163 3.422718218 0.05454356057 0.5
1155 1162 3.398529094 0.05296225071 0.5
1160 1162 0 0 0.5
1172 1183 3.422718218 0.05454356057 0.5
1172 1195 3.398529094 0.05296225071 0.5
1172 1200 0 0 0.5
1173 1184 3.422718218 0.05454356057 0.5
1173 1192 3.422718218 0.05454356057 0.5
1173 1194 3.422718218 0.05454356057 0.5
1174 1183 3.422718218 0.05454356057 0.5
1174 1193 3.422718218 0.05454356057 0.5
1175 1182 3.398529094 0.05296225071 0.5
1180 1182 0 0 0.5
1182 1193 3.422718218 0.05454356057 0.5
1183 1194 3.422718218 0.05454356057 0.5
1184 1193 3.422718218 0.05454356057 0.5
1185 1192 3.398529094 0.05296225071 0.5
1190 1192 0 0 0.5
1202 1213 3.422718218 0.05454356057 0.5
1202 1225 3.398529094 0.05296225071 0.5
1202 1230 0 0 0.5
1203 1214 3.422718218 0.05454356057 0.5
1203 1222 3.422718218 0.05454356057 0.5
1203 1224 3.422718218 0.05454356057 0.5
1204 1213 3.422718218 0.05454356057 0.5
1204 1223 3.422718218 0.05454356057 0.5
1205 1212 3.398529094 0.05296225071 0.5
1210 1212 0 0 0.5
1212 1223 3.422718218 0.05454356057 0.5
1213 1224 3.422718218 0.05454356057 0.5
1214 1223 3.422718218 0.05454356057 0.5
1215 1222 3.398529094 0.05296225071 0.5
1220 1222 0 0 0.5
1232 1243 3.422718218 0.05454356057 0.5
1232 1255 3.398529094 0.05296225071 0.5
1232 1260 0 0 0.5
1233 1244 3.422718218 0.05454356057 0.5
1233 1252 3.422718218 0.05454356057 0.5
1233 1254 3.422718218 0.05454356057 0.5
1234 1243 3.422718218 0.05454356057 0.5
1234 1253 3.422718218 0.05454356057 0.5
1235 1242 3.398529094 0.05296225071 0.5
1240 1242 0 0 0.5
1242 1253 3.422718218 0.05454356057 0.5
1243 1254 3.422718218 0.05454356057 0.5
1244 1253 3.422718218 0.05454356057 0.5
1245 1252 3.398529094 0.05296225071 0.5
1250 1252 0 0 0.5
1262 1273 3.422718218 0.05454356057 0.5
1262 1285 3.398529094 0.05296225071 0.5
1262 1290 0 0 0.5
1263 1274 3.422718218 0.05454356057 0.5
1263 1282 3.422718218 0.05454356057 0.5
1263 1284 3.422718218 0.05454356057 0.5
1264 1273 3.422718218 0.05454356057 0.5
1264 1283 3.422718218 0.05454356057 0.5
1265 1272 3.398529094 0.05296225071 0.5
1270 1272 0 0 0.5
1272 1283 3.422718218 0.05454356057 0.5
1273 1284 3.422718218 0.05454356057 0.5
1274 1283 3.422718218 0.05454356057 0.5
1275 1282 3.398529094 0.05296225071 0.5
1280 1282 0 0 0.5
1292 1303 3.422718218 0.05454356057 0.5
1292 1315 3.398529094 0.05296225071 0.5
1292 1320 0 0 0.5
1293 1304 3.422718218 0.05454356057 0.5
1293 1312 3.422718218 0.05454356057 0.5
1293 1314 3.422718218 0.05454356057 0.5
1294 1303 3.422718218 0.05454356057 0.5
1294 1313 3.422718218 0.05454356057 0.5
1295 1302 3.398529094 0.05296225071 0.5
1300 1302 0 0 0.5
1302 1313 3.422718218 0.05454356057 0.5
1303 1314 3.422718218 0.05454356057 0.5
1304 1313 3.422718218 0.05454356057 0.5
1305 1312 3.398529094 0.05296225071 0.5
1310 1312 0 0 0.5
1322 1333 3.422718218 0.05454356057 0.5
1322 1345 3.398529094 0.05296225071 0.5
1322 1350 0 0 0.5
1323 1334 3.422718218 0.05454356057 0.5
1323 1342 3.422718218 0.05454356057 0.5
1323 1344 3.422718218 0.05454356057 0.5
1324 1333 3.422718218 0.05454356057 0.5
1324 1343 3.422718218 0.05454356057 0.5
1325 1332 3.398529094 0.05296225071 0.5
1330 1332 0 0 0.5
1332 1343 3.422718218 0.05454356057 0.5
1333 1344 3.422718218 0.05454356057 0.5
1334 1343 3.422718218 0.05454356057 0.5
1335 1342 3.398529094 0.05296225071 0.5
1340 1342 0 0 0.5
1352 1363 3.422718218 0.05454356057 0.5
1352 1375 3.398529094 0.05296225071 0.5
1352 1380 0 0 0.5
1353 1364 3.422718218 0.05454356057 0.5
1353 1372 3.422718218 0.05454356057 0.5
1353 1374 3.422718218 0.05454356057 0.5
1354 1363 3.422718218 0.05454356057 0.5
1354 1373 3.422718218 0.05454356057 0.5
1355 1362 3.398529094 0.05296225071 0.5
1360 1362 0 0 0.5
1362 1373 3.422718218 0.05454356057 0.5
1363 1374 3.422718218 0.05454356057 0.5
1364 1373 3.422718218 0.05454356057 0.5
1365 1372 3.398529094 0.05296225071 0.5
1370 1372 0 0 0.5
1382 1393 3.422718218 0.05454356057 0.5
1382 1405 3.398529094 0.05296225071 0.5
1382 1410 0 0 0.5
1383 1394 3.422718218 0.05454356057 0.5
1383 1402 3.422718218 0.05454356057 0.5
1383 1404 3.422718218 0.05454356057 0.5
1384 1393 3.422718218 0.05454356057 0.5
1384 1403 3.422718218 0.05454356057 0.5
1385 1392 3.398529094 0.05296225071 0.5
1390 1392 0 0 0.5
1392 1403 3.422718218 0.05454356057 0.5
1393 1404 3.422718218 0.05454356057 0.5
1394 1403 3.422718218 0.05454356057 0.5
1395 1402 3.398529094 0.05296225071 0.5
1400 1402 0 0 0.5
1412 1423 3.422718218 0.05454356057 0.5
1412 1435 3.398529094 0.05296225071 0.5
1412 1440 0 0 0.5
1413 1424 3.422718218 0.05454356057 0.5
1413 1432 3.422718218 0.05454356057 0.5
1413 1434 3.422718218 0.05454356057 0.5
1414 1423 3.422718218 0.05454356057 0.5
1414 1433 3.422718218 0.05454356057 0.5
1415 1422 3.398529094 0.05296225071 0.5
1420 1422 0 0 0.5
1422 1433 3.422718218 0.05454356057 0.5
1423 1434 3.422718218 0.05454356057 0.5
1424 1433 3.422718218 0.05454356057 0.5
1425 1432 3.398529094 0.05296225071 0.5
1430 1432 0 0 0.5
1442 1453 3.422718218 0.05454356057 0.5
1442 1465 3.398529094 0.05296225071 0.5
1442 1470 0 0 0.5
1443 1454 3.422718218 0.05454356057 0.5
1443 1462 3.422718218 0.05454356057 0.5
1443 1464 3.422718218 0.05454356057 0.5
1444 1453 3.422718218 0.05454356057 0.5
1444 1463 3.422718218 0.05454356057 0.5
1445 1452 3.398529094 0.05296225071 0.5
1450 1452 0 0 0.5
1452 1463 3.422718218 0.05454356057 0.5
1453 1464 3.422718218 0.05454356057 0.5
1454 1463 3.422718218 0.05454356057 0.5
1455 1462 3.398529094 0.05296225071 0.5
1460 1462 0 0 0.5
1472 1483 3.422718218 0.05454356057 0.5
1472 1495 3.398529094 0.05296225071 0.5
1472 1500 0 0 0.5
1473 1484 3.422718218 0.05454356057 0.5
1473 1492 3.422718218 0.05454356057 0.5
1473 1494 3.422718218 0.05454356057 0.5
1474 1483 3.422718218 0.05454356057 0.5
1474 1493 3.422718218 0.05454356057 0.5
1475 1482 3.398529094 0.05296225071 0.5
1480 1482 0 0 0.5
1482 1493 3.422718218 0.05454356057 0.5
1483 1494 3.422718218 0.05454356057 0.5
1484 1493 3.422718218 0.05454356057 0.5
1485 1492 3.398529094 0.05296225071 0.5
1490 1492 0 0 0.5
