# r(A) g(r)  [11-frame average, steps=[12000, 13000, 14000, 15000, 16000, 17000, 18000, 19000, 20000, 21000, 22000]]
2.500000000000000139e-02 0.000000000000000000e+00
7.500000000000001110e-02 0.000000000000000000e+00
1.250000000000000000e-01 0.000000000000000000e+00
1.750000000000000167e-01 0.000000000000000000e+00
2.250000000000000056e-01 0.000000000000000000e+00
2.750000000000000222e-01 0.000000000000000000e+00
3.250000000000000666e-01 0.000000000000000000e+00
3.750000000000000000e-01 0.000000000000000000e+00
4.250000000000000444e-01 0.000000000000000000e+00
4.749999999999999778e-01 0.000000000000000000e+00
5.250000000000000222e-01 0.000000000000000000e+00
5.750000000000000666e-01 0.000000000000000000e+00
6.250000000000000000e-01 0.000000000000000000e+00
6.750000000000000444e-01 0.000000000000000000e+00
7.250000000000000888e-01 0.000000000000000000e+00
7.750000000000000222e-01 0.000000000000000000e+00
8.250000000000000666e-01 0.000000000000000000e+00
8.750000000000000000e-01 0.000000000000000000e+00
9.250000000000000444e-01 0.000000000000000000e+00
9.750000000000000888e-01 0.000000000000000000e+00
1.024999999999999911e+00 0.000000000000000000e+00
1.075000000000000178e+00 0.000000000000000000e+00
1.125000000000000000e+00 0.000000000000000000e+00
1.175000000000000266e+00 0.000000000000000000e+00
1.225000000000000089e+00 0.000000000000000000e+00
1.274999999999999911e+00 0.000000000000000000e+00
1.325000000000000178e+00 0.000000000000000000e+00
1.375000000000000000e+00 0.000000000000000000e+00
1.425000000000000266e+00 0.000000000000000000e+00
1.475000000000000089e+00 0.000000000000000000e+00
1.524999999999999911e+00 0.000000000000000000e+00
1.575000000000000178e+00 0.000000000000000000e+00
1.625000000000000000e+00 0.000000000000000000e+00
1.675000000000000266e+00 0.000000000000000000e+00
1.725000000000000089e+00 0.000000000000000000e+00
1.774999999999999911e+00 0.000000000000000000e+00
1.825000000000000178e+00 0.000000000000000000e+00
1.875000000000000000e+00 0.000000000000000000e+00
1.925000000000000266e+00 0.000000000000000000e+00
1.975000000000000089e+00 0.000000000000000000e+00
2.025000000000000355e+00 0.000000000000000000e+00
2.075000000000000178e+00 0.000000000000000000e+00
2.125000000000000000e+00 0.000000000000000000e+00
2.174999999999999822e+00 0.000000000000000000e+00
2.225000000000000089e+00 0.000000000000000000e+00
2.275000000000000355e+00 0.000000000000000000e+00
2.325000000000000178e+00 0.000000000000000000e+00
2.375000000000000000e+00 0.000000000000000000e+00
2.425000000000000266e+00 0.000000000000000000e+00
2.475000000000000089e+00 0.000000000000000000e+00
2.525000000000000355e+00 0.000000000000000000e+00
2.575000000000000178e+00 0.000000000000000000e+00
2.625000000000000000e+00 0.000000000000000000e+00
2.675000000000000266e+00 0.000000000000000000e+00
2.725000000000000089e+00 0.000000000000000000e+00
2.775000000000000355e+00 0.000000000000000000e+00
2.825000000000000178e+00 0.000000000000000000e+00
2.875000000000000000e+00 0.000000000000000000e+00
2.925000000000000266e+00 0.000000000000000000e+00
2.975000000000000089e+00 0.000000000000000000e+00
3.025000000000000355e+00 0.000000000000000000e+00
3.075000000000000178e+00 0.000000000000000000e+00
3.125000000000000000e+00 0.000000000000000000e+00
3.175000000000000266e+00 0.000000000000000000e+00
3.225000000000000089e+00 0.000000000000000000e+00
3.275000000000000355e+00 0.000000000000000000e+00
3.325000000000000178e+00 9.508671568197743854e-03
3.375000000000000000e+00 0.000000000000000000e+00
3.425000000000000266e+00 0.000000000000000000e+00
3.475000000000000089e+00 8.705496163234299409e-03
3.525000000000000355e+00 3.384113301541167435e-02
3.575000000000000178e+00 5.757700814655725835e-02
3.625000000000000000e+00 7.199952543774788827e-02
3.675000000000000266e+00 1.167561372829723082e-01
3.725000000000000089e+00 1.060665951613845442e-01
3.775000000000000355e+00 1.401595954575302894e-01
3.825000000000000178e+00 1.652601350551731185e-01
3.875000000000000000e+00 1.750248609467741079e-01
3.925000000000000266e+00 2.183603604136150067e-01
3.975000000000000089e+00 2.262079152950791927e-01
4.025000000000000355e+00 3.309341252213396922e-01
4.075000000000000178e+00 2.595564208725901212e-01
4.125000000000000000e+00 2.965490095776968094e-01
4.175000000000000711e+00 2.894885720446338517e-01
4.224999999999999645e+00 3.180119790613737951e-01
4.275000000000000355e+00 3.451295606234736635e-01
4.325000000000000178e+00 3.596755336854018936e-01
4.375000000000000000e+00 4.613455306144454982e-01
4.425000000000000711e+00 4.724537151057099926e-01
4.474999999999999645e+00 4.357076240971737291e-01
4.525000000000000355e+00 5.493507944377136187e-01
4.575000000000000178e+00 5.725663237529603489e-01
4.625000000000000000e+00 5.307664066601546216e-01
4.675000000000000711e+00 6.252925699356710609e-01
4.724999999999999645e+00 7.298459775013784734e-01
4.775000000000000355e+00 5.578812493010563145e-01
4.825000000000001066e+00 7.540931262252655864e-01
4.875000000000000000e+00 6.635064748317551775e-01
4.925000000000000711e+00 7.671211258332714111e-01
4.974999999999999645e+00 6.583376218359824339e-01
5.025000000000000355e+00 6.619544993392770804e-01
5.075000000000001066e+00 8.408107845904795319e-01
5.125000000000000000e+00 7.124188617211965058e-01
5.175000000000000711e+00 8.086296441501334975e-01
5.224999999999999645e+00 7.778250510910851290e-01
5.275000000000000355e+00 7.329256963174880513e-01
5.325000000000001066e+00 8.749352721744927397e-01
5.375000000000000000e+00 8.478170186949709475e-01
5.425000000000000711e+00 9.358472156745877291e-01
5.474999999999999645e+00 8.627202784967594740e-01
5.525000000000000355e+00 9.263836075938169934e-01
5.575000000000001066e+00 1.011310674246115981e+00
5.625000000000000000e+00 7.840975479167323625e-01
5.675000000000000711e+00 9.139647496275488114e-01
5.724999999999999645e+00 8.114704051519235906e-01
5.775000000000000355e+00 9.235635608659137352e-01
5.825000000000001066e+00 9.294639321216996430e-01
5.875000000000000000e+00 9.746246308438563100e-01
5.925000000000000711e+00 8.624202089144681338e-01
5.974999999999999645e+00 9.481634253793118638e-01
6.025000000000000355e+00 1.062808717700020722e+00
6.075000000000001066e+00 9.086596952866619059e-01
6.125000000000000000e+00 1.098441739558203567e+00
6.175000000000000711e+00 9.649332390212501664e-01
6.224999999999999645e+00 9.494945562079236678e-01
6.275000000000000355e+00 9.557817036302005409e-01
6.325000000000001066e+00 9.906572832950584218e-01
6.375000000000000000e+00 9.570717386673505134e-01
6.425000000000000711e+00 9.473267966143945618e-01
6.474999999999999645e+00 8.750825582218157983e-01
6.525000000000000355e+00 1.041968440834348586e+00
6.575000000000001066e+00 1.004295885956830281e+00
6.625000000000000000e+00 9.460813398517723405e-01
6.675000000000000711e+00 9.272421314417512717e-01
6.724999999999999645e+00 1.025078579540136703e+00
6.775000000000000355e+00 1.037487204566141408e+00
6.825000000000001066e+00 1.119385073185545698e+00
6.875000000000000000e+00 1.078697022338872102e+00
6.925000000000000711e+00 1.100442381207426656e+00
6.974999999999999645e+00 1.089043579224372227e+00
7.025000000000000355e+00 1.092767711563088051e+00
7.075000000000001066e+00 1.113079354543325739e+00
7.125000000000000000e+00 1.136856772693722428e+00
7.175000000000000711e+00 1.063890813336228369e+00
7.224999999999999645e+00 1.153936911135211574e+00
7.275000000000000355e+00 1.028885177661839734e+00
7.325000000000001066e+00 1.132441370450130158e+00
7.375000000000000000e+00 1.068819154582326902e+00
7.425000000000000711e+00 1.186043492523967124e+00
7.474999999999999645e+00 1.172111154499575036e+00
7.525000000000000355e+00 1.067475662935990721e+00
7.575000000000001066e+00 1.075414711347491670e+00
7.625000000000000000e+00 1.140913737751951595e+00
7.675000000000000711e+00 1.060065798827476424e+00
7.724999999999999645e+00 1.136229039636715399e+00
7.775000000000000355e+00 1.062535774309387726e+00
7.825000000000001066e+00 1.064452149652511670e+00
7.875000000000000000e+00 1.149295523797009277e+00
7.925000000000000711e+00 1.108058255996582808e+00
7.974999999999999645e+00 1.186769037288865514e+00
8.025000000000000355e+00 1.090409249085895427e+00
8.074999999999999289e+00 1.109191473726928834e+00
8.125000000000000000e+00 1.178387499301196906e+00
8.175000000000000711e+00 1.108962193752341951e+00
8.225000000000001421e+00 1.193417915319007649e+00
8.275000000000000355e+00 1.065434147284853417e+00
8.324999999999999289e+00 1.105763347208655434e+00
8.375000000000000000e+00 1.055130492531738406e+00
8.425000000000000711e+00 1.150758909512044070e+00
8.475000000000001421e+00 1.166492776966527645e+00
8.525000000000000355e+00 1.093543759303811536e+00
8.574999999999999289e+00 1.192342267273456269e+00
8.625000000000000000e+00 1.079638336539091137e+00
8.675000000000000711e+00 1.093769834004040042e+00
8.725000000000001421e+00 1.037079887839650327e+00
8.775000000000000355e+00 1.055330257294128993e+00
8.824999999999999289e+00 1.016409450372741885e+00
8.875000000000000000e+00 1.091741266737054072e+00
8.925000000000000711e+00 1.047869498761550222e+00
8.975000000000001421e+00 1.053192521282957372e+00
9.025000000000000355e+00 1.033811219889732014e+00
9.074999999999999289e+00 1.042874228757654675e+00
9.125000000000000000e+00 1.008751467100844845e+00
9.175000000000000711e+00 9.815525292837723459e-01
9.225000000000001421e+00 1.069764763230954374e+00
9.275000000000000355e+00 1.136470738907450651e+00
9.324999999999999289e+00 1.028809641093821670e+00
9.375000000000000000e+00 1.004708044449236670e+00
9.425000000000000711e+00 1.086383371989686930e+00
9.475000000000001421e+00 1.035134954302373789e+00
9.525000000000000355e+00 1.056739681659006891e+00
9.575000000000001066e+00 9.757872543663277387e-01
9.625000000000000000e+00 1.034895523220125568e+00
9.675000000000000711e+00 1.008503792174116009e+00
9.725000000000001421e+00 9.848217878132379255e-01
9.775000000000000355e+00 9.890751848921387479e-01
9.825000000000001066e+00 1.026950997169087776e+00
9.875000000000000000e+00 9.820810129013508583e-01
9.925000000000000711e+00 1.008495405367131115e+00
9.975000000000001421e+00 9.962974765344967398e-01
1.002500000000000036e+01 1.009396273480296369e+00
1.007500000000000107e+01 1.030471814449941848e+00
1.012500000000000000e+01 9.628944307043991735e-01
1.017500000000000071e+01 8.864383857788393772e-01
1.022500000000000142e+01 9.049384104163944453e-01
1.027500000000000036e+01 9.459389110966511804e-01
1.032500000000000107e+01 9.466605052210886884e-01
1.037500000000000000e+01 9.688099883227818676e-01
1.042500000000000071e+01 8.986006595160737076e-01
1.047500000000000142e+01 9.446523253494336636e-01
1.052500000000000036e+01 9.603719120648613883e-01
1.057500000000000107e+01 9.898531407007914451e-01
1.062500000000000000e+01 9.973204852988748481e-01
1.067500000000000071e+01 9.741622522284524299e-01
1.072500000000000142e+01 9.358548625726130776e-01
1.077500000000000036e+01 9.760843497650109057e-01
1.082500000000000107e+01 9.276152397016611539e-01
1.087500000000000000e+01 9.724380349246442012e-01
1.092500000000000071e+01 9.459420603931465443e-01
1.097500000000000142e+01 9.626526283121422667e-01
1.102500000000000036e+01 9.452922818539905014e-01
1.107500000000000107e+01 9.539175542022781951e-01
1.112500000000000000e+01 9.852832419594794722e-01
1.117500000000000071e+01 9.907966865472191964e-01
1.122500000000000142e+01 9.711435437051664232e-01
1.127500000000000036e+01 9.393952861399377241e-01
1.132500000000000107e+01 9.958708098298202360e-01
1.137500000000000000e+01 9.700735481009578054e-01
1.142500000000000071e+01 9.696549430895011756e-01
1.147500000000000142e+01 9.444576800496123914e-01
1.152500000000000036e+01 9.806015707023966188e-01
1.157500000000000107e+01 1.000394583622438827e+00
1.162500000000000000e+01 9.428005842999566122e-01
1.167500000000000071e+01 9.740757204632989330e-01
1.172500000000000142e+01 9.283166294161135923e-01
1.177500000000000036e+01 9.788306433818645402e-01
1.182500000000000107e+01 9.547827596767041181e-01
1.187500000000000000e+01 9.765786047401812109e-01
1.192500000000000071e+01 9.639709854404678868e-01
1.197500000000000142e+01 1.068832438915630068e+00
1.202500000000000036e+01 9.683608011058046916e-01
1.207500000000000107e+01 1.031735802160647086e+00
1.212500000000000000e+01 9.710451460527417256e-01
1.217500000000000071e+01 9.843616207065495338e-01
1.222500000000000142e+01 1.032598444013447692e+00
1.227500000000000036e+01 1.020714938440152597e+00
1.232500000000000107e+01 1.033903219953818953e+00
1.237500000000000000e+01 9.589790888426908966e-01
1.242500000000000071e+01 1.014604116210649609e+00
1.247500000000000142e+01 1.015268748835885582e+00
1.252500000000000036e+01 1.022591576250257761e+00
1.257500000000000107e+01 9.699345972222764845e-01
1.262500000000000000e+01 9.734793203093753400e-01
1.267500000000000071e+01 1.026013957136283850e+00
1.272500000000000142e+01 1.032249517633718083e+00
1.277500000000000036e+01 1.017743683443165681e+00
1.282500000000000107e+01 1.001514854624043105e+00
1.287500000000000000e+01 1.010239735892811463e+00
1.292500000000000071e+01 9.955166361021311472e-01
1.297500000000000142e+01 9.928543377774113887e-01
1.302500000000000036e+01 9.567423059709042610e-01
1.307500000000000107e+01 9.605075451586687629e-01
1.312500000000000000e+01 9.800541298502638554e-01
1.317500000000000071e+01 9.914037971275748706e-01
1.322500000000000142e+01 1.000750976914748236e+00
1.327500000000000036e+01 9.771201835140823633e-01
1.332500000000000107e+01 9.295405997791689190e-01
1.337500000000000000e+01 1.018390003472617211e+00
1.342500000000000071e+01 9.384920577943137721e-01
1.347500000000000142e+01 9.755409487031816429e-01
1.352500000000000036e+01 9.723641924067023545e-01
1.357500000000000107e+01 1.022830710723593661e+00
1.362500000000000000e+01 9.875898208871922712e-01
1.367500000000000071e+01 1.015796305275973532e+00
1.372500000000000142e+01 1.029614880432955015e+00
1.377500000000000036e+01 1.017167810893391033e+00
1.382500000000000107e+01 9.856230959022492799e-01
1.387500000000000000e+01 9.894534247615228706e-01
1.392500000000000071e+01 1.017057654367422126e+00
1.397500000000000142e+01 1.006563365009774280e+00
1.402500000000000036e+01 1.064600683172527429e+00
1.407500000000000107e+01 1.024680833883377051e+00
1.412500000000000000e+01 1.023762067293032763e+00
1.417500000000000071e+01 9.893467695018682839e-01
1.422500000000000142e+01 9.605843512432086229e-01
1.427500000000000036e+01 9.930740792935888184e-01
1.432500000000000107e+01 9.764202581889930288e-01
1.437500000000000000e+01 9.711657727789594352e-01
1.442500000000000071e+01 9.831376738155219730e-01
1.447500000000000142e+01 1.019004084739530969e+00
1.452500000000000036e+01 9.542005059034147640e-01
1.457500000000000107e+01 1.010512656123715436e+00
1.462500000000000000e+01 1.030646724238659662e+00
1.467500000000000071e+01 1.015337114044756683e+00
1.472500000000000142e+01 1.017180493812554154e+00
1.477500000000000036e+01 9.886375840148816652e-01
1.482500000000000107e+01 1.069033389008967827e+00
1.487500000000000000e+01 1.030026683115131902e+00
1.492500000000000071e+01 1.016057992697397827e+00
1.497500000000000142e+01 1.010221852508845997e+00
1.502500000000000036e+01 1.003043767903900374e+00
1.507500000000000107e+01 1.008428237987158527e+00
1.512500000000000000e+01 9.925813956939438798e-01
1.517500000000000071e+01 1.008876533597236724e+00
1.522500000000000142e+01 1.054868330613514260e+00
1.527500000000000036e+01 9.668752116267176344e-01
1.532500000000000107e+01 1.018318376093846123e+00
1.537500000000000000e+01 1.021044760619143066e+00
1.542500000000000071e+01 1.048898623579939793e+00
1.547500000000000142e+01 1.024572470729613771e+00
1.552500000000000036e+01 1.022781292088491778e+00
1.557500000000000107e+01 1.031825914455277937e+00
1.562500000000000000e+01 9.959527314904650375e-01
1.567500000000000071e+01 1.071755639704712548e+00
1.572500000000000142e+01 1.007983428001430815e+00
1.577500000000000036e+01 9.787920748238583268e-01
1.582500000000000107e+01 9.826913259331266914e-01
1.587500000000000000e+01 9.840193061974727984e-01
1.592500000000000071e+01 9.977468252311751939e-01
1.597500000000000142e+01 1.018286248971443708e+00
1.602499999999999858e+01 9.812396840290260602e-01
1.607500000000000284e+01 1.005249645240160250e+00
1.612500000000000000e+01 1.024496101751576571e+00
1.617500000000000071e+01 9.751790079874673722e-01
1.622500000000000142e+01 1.001923116153459414e+00
1.627499999999999858e+01 9.941888359901794869e-01
1.632500000000000284e+01 9.833747322055484963e-01
1.637500000000000000e+01 1.004429950910915359e+00
1.642500000000000071e+01 9.983240079081738827e-01
1.647500000000000142e+01 9.860767047778692396e-01
1.652499999999999858e+01 1.034398486478761203e+00
1.657500000000000284e+01 9.646481101792697688e-01
1.662500000000000000e+01 9.729272748579932406e-01
1.667500000000000071e+01 9.667233067859762885e-01
1.672500000000000142e+01 9.737294526093227542e-01
1.677499999999999858e+01 1.026584770121662826e+00
1.682500000000000284e+01 9.907836375563484621e-01
1.687500000000000000e+01 1.008916477616021545e+00
1.692500000000000071e+01 9.970924550964094246e-01
1.697500000000000142e+01 1.022966919213386783e+00
1.702499999999999858e+01 1.010801490957134785e+00
1.707500000000000284e+01 1.018591795561794466e+00
1.712500000000000000e+01 9.911448337953754351e-01
1.717500000000000071e+01 1.020663698004000475e+00
1.722500000000000142e+01 1.022541662351964087e+00
1.727499999999999858e+01 1.009233506201545394e+00
1.732500000000000284e+01 9.960617243468555815e-01
1.737500000000000000e+01 9.917301229156515463e-01
1.742500000000000071e+01 1.008205224005736644e+00
1.747500000000000142e+01 1.016213899119725150e+00
1.752499999999999858e+01 9.850944734797610902e-01
1.757500000000000284e+01 1.012169958325189301e+00
1.762500000000000000e+01 9.925604313420245406e-01
1.767500000000000071e+01 1.001422230947092595e+00
1.772500000000000142e+01 1.022548717827531428e+00
1.777499999999999858e+01 9.802044504097315869e-01
1.782500000000000284e+01 9.856314948212473448e-01
1.787500000000000000e+01 9.936146548720167226e-01
1.792500000000000071e+01 9.795725657645477646e-01
1.797500000000000142e+01 1.039202684603481863e+00
1.802499999999999858e+01 9.997952726561319947e-01
1.807500000000000284e+01 1.012612483984851597e+00
1.812500000000000000e+01 9.673536239924969138e-01
1.817500000000000071e+01 9.855882393821818743e-01
1.822500000000000142e+01 9.684774181738717846e-01
1.827499999999999858e+01 1.021416986821948036e+00
1.832500000000000284e+01 1.018355100562493565e+00
1.837500000000000000e+01 1.010641124321408402e+00
1.842500000000000071e+01 1.006092391245896556e+00
1.847500000000000142e+01 1.014513538524036917e+00
1.852499999999999858e+01 9.600319908230474653e-01
1.857500000000000284e+01 1.027384637412863233e+00
1.862500000000000000e+01 1.007935701447900234e+00
1.867500000000000071e+01 1.012191339601970608e+00
1.872500000000000142e+01 1.013089199375264426e+00
1.877499999999999858e+01 1.028576148507914789e+00
1.882500000000000284e+01 1.000871343280042236e+00
1.887500000000000000e+01 9.660684537430613839e-01
1.892500000000000071e+01 1.007639475983196364e+00
1.897500000000000142e+01 9.600003381886687004e-01
1.902499999999999858e+01 1.017114761124556788e+00
1.907500000000000284e+01 9.930099157429783663e-01
1.912500000000000000e+01 1.015990569426151513e+00
1.917500000000000426e+01 9.909710320742006751e-01
1.922500000000000142e+01 1.023367471220996805e+00
1.927499999999999858e+01 1.007878748369317456e+00
1.932500000000000284e+01 1.009988841102308577e+00
1.937500000000000000e+01 1.013463954826200775e+00
1.942500000000000426e+01 9.954377524758185602e-01
1.947500000000000142e+01 1.018881592831677896e+00
1.952499999999999858e+01 1.035178705199867988e+00
1.957500000000000284e+01 9.857273849178023184e-01
1.962500000000000000e+01 1.005549459704697224e+00
1.967500000000000426e+01 1.013751836923787675e+00
1.972500000000000142e+01 9.899758208624768185e-01
1.977499999999999858e+01 9.973419154203870818e-01
1.982500000000000284e+01 9.992717777364028553e-01
1.987500000000000000e+01 1.009951810052736043e+00
1.992500000000000426e+01 1.024219291317628011e+00
1.997500000000000142e+01 9.790509105254568967e-01
