# r(A) g(r)  [11-frame average, steps=[12000, 13000, 14000, 15000, 16000, 17000, 18000, 19000, 20000, 21000, 22000]]
2.500000000000000139e-02 0.000000000000000000e+00
7.500000000000001110e-02 1.296533120975926212e-01
1.250000000000000000e-01 9.335038471026670115e-02
1.750000000000000167e-01 4.762774730115646588e-02
2.250000000000000056e-01 5.762369426559672131e-02
2.750000000000000222e-01 3.857453913647383714e-02
3.250000000000000666e-01 4.833229977602564870e-02
3.750000000000000000e-01 8.816425222636299630e-02
4.250000000000000444e-01 6.863998875754902251e-02
4.749999999999999778e-01 1.099000374012835124e-01
5.250000000000000222e-01 8.731753671878687839e-02
5.750000000000000666e-01 9.043869974293321234e-02
6.250000000000000000e-01 1.194884924291413769e-01
6.750000000000000444e-01 1.552638428823022720e-01
7.250000000000000888e-01 1.470740306077328863e-01
7.750000000000000222e-01 1.323516120371887317e-01
8.250000000000000666e-01 1.628702763540006426e-01
8.750000000000000000e-01 1.285949177131224808e-01
9.250000000000000444e-01 1.363774794890674769e-01
9.750000000000000888e-01 1.893858971858681173e+01
1.024999999999999911e+00 1.371378792635357691e+01
1.075000000000000178e+00 1.602960905652226486e-01
1.125000000000000000e+00 1.457879464919597245e-01
1.175000000000000266e+00 1.405115568862094488e-01
1.225000000000000089e+00 1.346212857389830764e-01
1.274999999999999911e+00 1.552250726151108984e-01
1.325000000000000178e+00 1.541162011726100733e-01
1.375000000000000000e+00 1.377111047172116243e-01
1.425000000000000266e+00 1.458150823036637178e-01
1.475000000000000089e+00 1.508462838251221350e-01
1.524999999999999911e+00 1.840791313656495454e-01
1.575000000000000178e+00 3.157543247002594922e-01
1.625000000000000000e+00 5.236459450019693707e-01
1.675000000000000266e+00 7.486330696301181087e-01
1.725000000000000089e+00 9.078182760103650217e-01
1.774999999999999911e+00 9.960491604053699488e-01
1.825000000000000178e+00 9.332410856519904874e-01
1.875000000000000000e+00 8.416055794878933849e-01
1.925000000000000266e+00 7.895971990588418477e-01
1.975000000000000089e+00 7.476930549117858371e-01
2.025000000000000355e+00 7.796983816678269008e-01
2.075000000000000178e+00 7.134413927994687210e-01
2.125000000000000000e+00 5.552571325845967465e-01
2.174999999999999822e+00 4.190222381465598667e-01
2.225000000000000089e+00 3.529660424280378073e-01
2.275000000000000355e+00 3.769355740550104361e-01
2.325000000000000178e+00 4.290296903957799834e-01
2.375000000000000000e+00 5.906157304106623984e-01
2.425000000000000266e+00 7.834179777536860456e-01
2.475000000000000089e+00 1.020082257164530271e+00
2.525000000000000355e+00 1.177403575412673931e+00
2.575000000000000178e+00 1.293917812389924871e+00
2.625000000000000000e+00 1.314737504388812983e+00
2.675000000000000266e+00 1.275424397615815053e+00
2.725000000000000089e+00 1.233370645559642709e+00
2.775000000000000355e+00 1.168679233954925234e+00
2.825000000000000178e+00 1.118172240695065378e+00
2.875000000000000000e+00 1.085882027059784649e+00
2.925000000000000266e+00 1.067316976182746568e+00
2.975000000000000089e+00 1.100382244739867899e+00
3.025000000000000355e+00 1.128464668663911263e+00
3.075000000000000178e+00 1.160786643110510941e+00
3.125000000000000000e+00 1.173899757808545719e+00
3.175000000000000266e+00 1.176935999183627679e+00
3.225000000000000089e+00 1.175715026468542757e+00
3.275000000000000355e+00 1.169599649933932506e+00
3.325000000000000178e+00 1.149332744083170876e+00
3.375000000000000000e+00 1.152922069600667010e+00
3.425000000000000266e+00 1.119754501449606643e+00
3.475000000000000089e+00 1.100989540699343960e+00
3.525000000000000355e+00 1.078194360902116955e+00
3.575000000000000178e+00 1.077690452857167136e+00
3.625000000000000000e+00 1.056324537568671840e+00
3.675000000000000266e+00 1.049970429165177466e+00
3.725000000000000089e+00 1.023969750757519614e+00
3.775000000000000355e+00 1.049941062187969676e+00
3.825000000000000178e+00 1.083335421690496236e+00
3.875000000000000000e+00 1.153620362975158464e+00
3.925000000000000266e+00 1.253748422180769539e+00
3.975000000000000089e+00 1.334335208056000477e+00
4.025000000000000355e+00 1.341499876724445262e+00
4.075000000000000178e+00 1.249315482078854123e+00
4.125000000000000000e+00 1.151407132624703511e+00
4.175000000000000711e+00 1.073492604840309728e+00
4.224999999999999645e+00 1.019309000094728912e+00
4.275000000000000355e+00 9.757718643922237423e-01
4.325000000000000178e+00 9.613726595383056406e-01
4.375000000000000000e+00 9.542314427281304301e-01
4.425000000000000711e+00 9.615426328961363955e-01
4.474999999999999645e+00 9.437811006860592489e-01
4.525000000000000355e+00 9.525665763756342441e-01
4.575000000000000178e+00 9.514762143103902003e-01
4.625000000000000000e+00 9.651434223441306415e-01
4.675000000000000711e+00 9.894235812591570811e-01
4.724999999999999645e+00 1.026283221509213472e+00
4.775000000000000355e+00 1.088450234815953710e+00
4.825000000000001066e+00 1.125184272739992108e+00
4.875000000000000000e+00 1.154113944302570971e+00
4.925000000000000711e+00 1.137864915024650481e+00
4.974999999999999645e+00 1.102703040015502012e+00
5.025000000000000355e+00 1.048981653391059421e+00
5.075000000000001066e+00 1.009838497028027859e+00
5.125000000000000000e+00 9.892030950886263607e-01
5.175000000000000711e+00 9.619834593252379884e-01
5.224999999999999645e+00 9.489496909591140783e-01
5.275000000000000355e+00 9.486582664888769667e-01
5.325000000000001066e+00 9.562092515699854856e-01
5.375000000000000000e+00 9.610697259841195494e-01
5.425000000000000711e+00 9.411064448508430491e-01
5.474999999999999645e+00 9.510748026284471246e-01
5.525000000000000355e+00 9.561815628453280702e-01
5.575000000000001066e+00 9.746329051774709207e-01
5.625000000000000000e+00 1.019155706259049943e+00
5.675000000000000711e+00 1.096091198919792120e+00
5.724999999999999645e+00 1.173555195363402692e+00
5.775000000000000355e+00 1.199943699566739852e+00
5.825000000000001066e+00 1.133542842207915680e+00
5.875000000000000000e+00 1.038200804150962941e+00
5.925000000000000711e+00 9.888428140575724612e-01
5.974999999999999645e+00 9.630675532599248800e-01
6.025000000000000355e+00 9.652308592784328845e-01
6.075000000000001066e+00 9.505933432620932155e-01
6.125000000000000000e+00 9.510191941713780350e-01
6.175000000000000711e+00 9.613862478203122341e-01
6.224999999999999645e+00 9.484886006361412658e-01
6.275000000000000355e+00 9.510660355564761748e-01
6.325000000000001066e+00 9.494878527335079976e-01
6.375000000000000000e+00 9.547149495108822048e-01
6.425000000000000711e+00 9.564849256260196109e-01
6.474999999999999645e+00 9.505197208827953492e-01
6.525000000000000355e+00 9.567348976861991261e-01
6.575000000000001066e+00 9.658739692278347500e-01
6.625000000000000000e+00 9.591261848070513629e-01
6.675000000000000711e+00 9.615067364268129468e-01
6.724999999999999645e+00 9.559380753487050075e-01
6.775000000000000355e+00 9.531613095493148835e-01
6.825000000000001066e+00 9.610565458865507615e-01
6.875000000000000000e+00 9.660916177651599490e-01
6.925000000000000711e+00 9.602361299168091779e-01
6.974999999999999645e+00 9.575966674522161659e-01
7.025000000000000355e+00 9.662251306834017672e-01
7.075000000000001066e+00 9.557927098880938388e-01
7.125000000000000000e+00 9.727087101181053352e-01
7.175000000000000711e+00 9.696255693122113328e-01
7.224999999999999645e+00 9.690211643058913582e-01
7.275000000000000355e+00 9.766371022336994834e-01
7.325000000000001066e+00 9.805846317593636119e-01
7.375000000000000000e+00 9.827132570260623812e-01
7.425000000000000711e+00 9.853704633736841689e-01
7.474999999999999645e+00 9.864983930250595945e-01
7.525000000000000355e+00 9.836456388259935402e-01
7.575000000000001066e+00 9.908354969614865393e-01
7.625000000000000000e+00 9.890725388880045044e-01
7.675000000000000711e+00 9.968416408857285749e-01
7.724999999999999645e+00 9.998178071463994510e-01
7.775000000000000355e+00 1.008703599221652869e+00
7.825000000000001066e+00 1.006871404664025471e+00
7.875000000000000000e+00 1.017775559981700884e+00
7.925000000000000711e+00 1.016899018826959100e+00
7.974999999999999645e+00 1.022718362379002821e+00
8.025000000000000355e+00 1.037294443315162074e+00
8.074999999999999289e+00 1.041567370546970128e+00
8.125000000000000000e+00 1.039370916532073474e+00
8.175000000000000711e+00 1.040631246664963649e+00
8.225000000000001421e+00 1.042129176970460591e+00
8.275000000000000355e+00 1.031959231128306342e+00
8.324999999999999289e+00 1.037615846066319403e+00
8.375000000000000000e+00 1.030919725288286237e+00
8.425000000000000711e+00 1.025264540576507510e+00
8.475000000000001421e+00 1.022198937699807297e+00
8.525000000000000355e+00 1.019867062169347527e+00
8.574999999999999289e+00 1.008424812859326059e+00
8.625000000000000000e+00 9.983550122841848840e-01
8.675000000000000711e+00 9.911050248220321102e-01
8.725000000000001421e+00 9.855742335298348644e-01
8.775000000000000355e+00 9.798585289689857314e-01
8.824999999999999289e+00 9.671199192797285127e-01
8.875000000000000000e+00 9.541424116254982879e-01
8.925000000000000711e+00 9.455783325199612621e-01
8.975000000000001421e+00 9.420254078922034591e-01
9.025000000000000355e+00 9.356366635365097606e-01
9.074999999999999289e+00 9.516469866304007041e-01
9.125000000000000000e+00 9.569158923579251796e-01
9.175000000000000711e+00 9.711104213171838362e-01
9.225000000000001421e+00 9.768004604531497215e-01
9.275000000000000355e+00 9.849482572437986416e-01
9.324999999999999289e+00 9.951384907749792896e-01
9.375000000000000000e+00 9.999527253924281878e-01
9.425000000000000711e+00 1.010626992615836439e+00
9.475000000000001421e+00 1.014115801345964130e+00
9.525000000000000355e+00 1.021929190504982099e+00
9.575000000000001066e+00 1.029444946973276043e+00
9.625000000000000000e+00 1.030727430436432668e+00
9.675000000000000711e+00 1.031936273902652745e+00
9.725000000000001421e+00 1.034500128073855940e+00
9.775000000000000355e+00 1.026523892803323124e+00
9.825000000000001066e+00 1.033539601127595686e+00
9.875000000000000000e+00 1.036120465321667794e+00
9.925000000000000711e+00 1.029875507960914316e+00
9.975000000000001421e+00 1.024480320640895892e+00
