# r(A) g(r)  [11-frame average, steps=[12000, 13000, 14000, 15000, 16000, 17000, 18000, 19000, 20000, 21000, 22000]]
2.500000000000000139e-02 0.000000000000000000e+00
7.500000000000001110e-02 0.000000000000000000e+00
1.250000000000000000e-01 0.000000000000000000e+00
1.750000000000000167e-01 0.000000000000000000e+00
2.250000000000000056e-01 0.000000000000000000e+00
2.750000000000000222e-01 0.000000000000000000e+00
3.250000000000000666e-01 0.000000000000000000e+00
3.750000000000000000e-01 0.000000000000000000e+00
4.250000000000000444e-01 0.000000000000000000e+00
4.749999999999999778e-01 0.000000000000000000e+00
5.250000000000000222e-01 0.000000000000000000e+00
5.750000000000000666e-01 0.000000000000000000e+00
6.250000000000000000e-01 0.000000000000000000e+00
6.750000000000000444e-01 0.000000000000000000e+00
7.250000000000000888e-01 0.000000000000000000e+00
7.750000000000000222e-01 0.000000000000000000e+00
8.250000000000000666e-01 0.000000000000000000e+00
8.750000000000000000e-01 0.000000000000000000e+00
9.250000000000000444e-01 0.000000000000000000e+00
9.750000000000000888e-01 0.000000000000000000e+00
1.024999999999999911e+00 0.000000000000000000e+00
1.075000000000000178e+00 0.000000000000000000e+00
1.125000000000000000e+00 0.000000000000000000e+00
1.175000000000000266e+00 0.000000000000000000e+00
1.225000000000000089e+00 0.000000000000000000e+00
1.274999999999999911e+00 0.000000000000000000e+00
1.325000000000000178e+00 0.000000000000000000e+00
1.375000000000000000e+00 0.000000000000000000e+00
1.425000000000000266e+00 0.000000000000000000e+00
1.475000000000000089e+00 0.000000000000000000e+00
1.524999999999999911e+00 0.000000000000000000e+00
1.575000000000000178e+00 0.000000000000000000e+00
1.625000000000000000e+00 0.000000000000000000e+00
1.675000000000000266e+00 0.000000000000000000e+00
1.725000000000000089e+00 0.000000000000000000e+00
1.774999999999999911e+00 0.000000000000000000e+00
1.825000000000000178e+00 0.000000000000000000e+00
1.875000000000000000e+00 0.000000000000000000e+00
1.925000000000000266e+00 0.000000000000000000e+00
1.975000000000000089e+00 0.000000000000000000e+00
2.025000000000000355e+00 0.000000000000000000e+00
2.075000000000000178e+00 0.000000000000000000e+00
2.125000000000000000e+00 0.000000000000000000e+00
2.174999999999999822e+00 0.000000000000000000e+00
2.225000000000000089e+00 0.000000000000000000e+00
2.275000000000000355e+00 0.000000000000000000e+00
2.325000000000000178e+00 0.000000000000000000e+00
2.375000000000000000e+00 0.000000000000000000e+00
2.425000000000000266e+00 0.000000000000000000e+00
2.475000000000000089e+00 0.000000000000000000e+00
2.525000000000000355e+00 0.000000000000000000e+00
2.575000000000000178e+00 0.000000000000000000e+00
2.625000000000000000e+00 1.270073261364172961e-04
2.675000000000000266e+00 7.338225717463534633e-04
2.725000000000000089e+00 1.414280721138625125e-03
2.775000000000000355e+00 4.886859681691582864e-03
2.825000000000000178e+00 1.140469889169206871e-02
2.875000000000000000e+00 2.572870716589202925e-02
2.925000000000000266e+00 4.899718855601330886e-02
2.975000000000000089e+00 8.217022423652810270e-02
3.025000000000000355e+00 1.291131268617512762e-01
3.075000000000000178e+00 1.845535069524804339e-01
3.125000000000000000e+00 2.456384683112073919e-01
3.175000000000000266e+00 3.180939390958061330e-01
3.225000000000000089e+00 3.937982697350352890e-01
3.275000000000000355e+00 4.580756305839728260e-01
3.325000000000000178e+00 5.292616927238762425e-01
3.375000000000000000e+00 5.948301880056664492e-01
3.425000000000000266e+00 6.552531532662414504e-01
3.475000000000000089e+00 6.982073440546886500e-01
3.525000000000000355e+00 7.408727152310965458e-01
3.575000000000000178e+00 7.620639870706817920e-01
3.625000000000000000e+00 7.958647543075056952e-01
3.675000000000000266e+00 8.096717041196600517e-01
3.725000000000000089e+00 8.303394991513857182e-01
3.775000000000000355e+00 8.525218458935500676e-01
3.825000000000000178e+00 8.453934301616041758e-01
3.875000000000000000e+00 8.572304630501159650e-01
3.925000000000000266e+00 8.497880673947498797e-01
3.975000000000000089e+00 8.562380427411966366e-01
4.025000000000000355e+00 8.654024708104273156e-01
4.075000000000000178e+00 8.986322836923240631e-01
4.125000000000000000e+00 1.002938017548319793e+00
4.175000000000000711e+00 1.125968514922966124e+00
4.224999999999999645e+00 1.266412478966544963e+00
4.275000000000000355e+00 1.289302225268913693e+00
4.325000000000000178e+00 1.234352901773012601e+00
4.375000000000000000e+00 1.098577809028691288e+00
4.425000000000000711e+00 1.004613902677709447e+00
4.474999999999999645e+00 9.396366943863072585e-01
4.525000000000000355e+00 9.092408964659975945e-01
4.575000000000000178e+00 9.078310278730227223e-01
4.625000000000000000e+00 9.240256122781767001e-01
4.675000000000000711e+00 9.573426453371796097e-01
4.724999999999999645e+00 1.060628772615136661e+00
4.775000000000000355e+00 1.241579819997942424e+00
4.825000000000001066e+00 1.371911577492489043e+00
4.875000000000000000e+00 1.329442046867869376e+00
4.925000000000000711e+00 1.172766975942117096e+00
4.974999999999999645e+00 1.120565279356479316e+00
5.025000000000000355e+00 1.173239724076348800e+00
5.075000000000001066e+00 1.256217230242868910e+00
5.125000000000000000e+00 1.276640091674194677e+00
5.175000000000000711e+00 1.183137533583702439e+00
5.224999999999999645e+00 1.053982497729742729e+00
5.275000000000000355e+00 9.777352517311137525e-01
5.325000000000001066e+00 9.494912501575890618e-01
5.375000000000000000e+00 9.402993916034794175e-01
5.425000000000000711e+00 9.568270707030042121e-01
5.474999999999999645e+00 9.531525644699059274e-01
5.525000000000000355e+00 9.473035190505820768e-01
5.575000000000001066e+00 9.568841491712055669e-01
5.625000000000000000e+00 9.551611363554487477e-01
5.675000000000000711e+00 9.603337719519564608e-01
5.724999999999999645e+00 9.529781746084413641e-01
5.775000000000000355e+00 9.622379425818771148e-01
5.825000000000001066e+00 9.635350591155017463e-01
5.875000000000000000e+00 9.596030764358769449e-01
5.925000000000000711e+00 9.645408681367644288e-01
5.974999999999999645e+00 9.586877449403311546e-01
6.025000000000000355e+00 9.719893236248916546e-01
6.075000000000001066e+00 9.616042906025563664e-01
6.125000000000000000e+00 9.566295484044856634e-01
6.175000000000000711e+00 9.539154934504999739e-01
6.224999999999999645e+00 9.540330723655577883e-01
6.275000000000000355e+00 9.563817369762643850e-01
6.325000000000001066e+00 9.682719761390952140e-01
6.375000000000000000e+00 9.805128182266604764e-01
6.425000000000000711e+00 1.008496222653042285e+00
6.474999999999999645e+00 1.066604092263196302e+00
6.525000000000000355e+00 1.120290949287498172e+00
6.575000000000001066e+00 1.142954799915484987e+00
6.625000000000000000e+00 1.113106132303153029e+00
6.675000000000000711e+00 1.053928711105243332e+00
6.724999999999999645e+00 9.999034864254713328e-01
6.775000000000000355e+00 9.724819321932882676e-01
6.825000000000001066e+00 9.678108556122966277e-01
6.875000000000000000e+00 9.719487757876421608e-01
6.925000000000000711e+00 9.614679622685817773e-01
6.974999999999999645e+00 9.680240976632331629e-01
7.025000000000000355e+00 9.681610389794347293e-01
7.075000000000001066e+00 9.710123111860786693e-01
7.125000000000000000e+00 9.755503084707815020e-01
7.175000000000000711e+00 9.761959884669634269e-01
7.224999999999999645e+00 9.768813022409609248e-01
7.275000000000000355e+00 9.786131129632982262e-01
7.325000000000001066e+00 9.801741462530894067e-01
7.375000000000000000e+00 9.775965510787141266e-01
7.425000000000000711e+00 9.863335039941009130e-01
7.474999999999999645e+00 9.949849340227295835e-01
7.525000000000000355e+00 9.860721038318178699e-01
7.575000000000001066e+00 9.914455703837672385e-01
7.625000000000000000e+00 9.940348356081578629e-01
7.675000000000000711e+00 9.933527260946759530e-01
7.724999999999999645e+00 1.007167557537151925e+00
7.775000000000000355e+00 1.003144328577933786e+00
7.825000000000001066e+00 1.001456798399634973e+00
7.875000000000000000e+00 1.001706781237923227e+00
7.925000000000000711e+00 1.009019105221441670e+00
7.974999999999999645e+00 1.009368636319941226e+00
8.025000000000000355e+00 1.007239426256291592e+00
8.074999999999999289e+00 1.008481039319565786e+00
8.125000000000000000e+00 1.010053372041646691e+00
8.175000000000000711e+00 1.004977404287616949e+00
8.225000000000001421e+00 9.984492071843975580e-01
8.275000000000000355e+00 1.007533366507852302e+00
8.324999999999999289e+00 1.004937865757264737e+00
8.375000000000000000e+00 1.001808296561196965e+00
8.425000000000000711e+00 9.992614990747836767e-01
8.475000000000001421e+00 1.004892875742008140e+00
8.525000000000000355e+00 9.993173896293708891e-01
8.574999999999999289e+00 9.967906296889268436e-01
8.625000000000000000e+00 9.957727300606306065e-01
8.675000000000000711e+00 9.874088894907345759e-01
8.725000000000001421e+00 9.915407916448701897e-01
8.775000000000000355e+00 9.796937274765101789e-01
8.824999999999999289e+00 9.813780482832367147e-01
8.875000000000000000e+00 9.709736285791108479e-01
8.925000000000000711e+00 9.739022846635324582e-01
8.975000000000001421e+00 9.748477221444651342e-01
9.025000000000000355e+00 9.809558788944090502e-01
9.074999999999999289e+00 9.800164525573078489e-01
9.125000000000000000e+00 9.783344540740526174e-01
9.175000000000000711e+00 9.828581440030678129e-01
9.225000000000001421e+00 9.833289747737224973e-01
9.275000000000000355e+00 9.813825344750435331e-01
9.324999999999999289e+00 9.896164668535430975e-01
9.375000000000000000e+00 9.917644445362424621e-01
9.425000000000000711e+00 9.963333738099828807e-01
9.475000000000001421e+00 9.982260699589226016e-01
9.525000000000000355e+00 1.003709077838331742e+00
9.575000000000001066e+00 1.006827895438376475e+00
9.625000000000000000e+00 1.008779304903271612e+00
9.675000000000000711e+00 1.009065993731312449e+00
9.725000000000001421e+00 1.007368732434403835e+00
9.775000000000000355e+00 1.016470229599559794e+00
9.825000000000001066e+00 1.014355655548771162e+00
9.875000000000000000e+00 1.007726452295630404e+00
9.925000000000000711e+00 1.014878701047197573e+00
9.975000000000001421e+00 1.012505218526302375e+00
1.002500000000000036e+01 1.008761321384017196e+00
1.007500000000000107e+01 1.016327604929054829e+00
1.012500000000000000e+01 1.012546481947875776e+00
1.017500000000000071e+01 1.013997554882918761e+00
1.022500000000000142e+01 1.011563231092911241e+00
1.027500000000000036e+01 1.004883974150823311e+00
1.032500000000000107e+01 1.009861483453799780e+00
1.037500000000000000e+01 1.008810194611570399e+00
1.042500000000000071e+01 1.008618350197517666e+00
1.047500000000000142e+01 1.009923537640767366e+00
1.052500000000000036e+01 1.012659512654689342e+00
1.057500000000000107e+01 1.008740723065018052e+00
1.062500000000000000e+01 1.008517502957458234e+00
1.067500000000000071e+01 1.009244893025769141e+00
1.072500000000000142e+01 1.000122913114296797e+00
1.077500000000000036e+01 1.006172127210053002e+00
1.082500000000000107e+01 1.008624197060058902e+00
1.087500000000000000e+01 1.006504365942681112e+00
1.092500000000000071e+01 1.002599233677431201e+00
1.097500000000000142e+01 1.000677799871797946e+00
1.102500000000000036e+01 1.005157866927475441e+00
1.107500000000000107e+01 1.002238620735314889e+00
1.112500000000000000e+01 9.976623491052794002e-01
1.117500000000000071e+01 1.003997032079362750e+00
1.122500000000000142e+01 1.006463571344476948e+00
1.127500000000000036e+01 1.003325828203528891e+00
1.132500000000000107e+01 1.004318745025502668e+00
1.137500000000000000e+01 1.006168571150774627e+00
1.142500000000000071e+01 1.004085747181662880e+00
1.147500000000000142e+01 1.007995930762275449e+00
1.152500000000000036e+01 1.009336402080200701e+00
1.157500000000000107e+01 1.005423214113867258e+00
1.162500000000000000e+01 1.006649361865238124e+00
1.167500000000000071e+01 1.001564033177416047e+00
1.172500000000000142e+01 1.007535339543867314e+00
1.177500000000000036e+01 1.006583941912156721e+00
1.182500000000000107e+01 1.004179329110580499e+00
1.187500000000000000e+01 1.003690924165269394e+00
1.192500000000000071e+01 1.011674316795967865e+00
1.197500000000000142e+01 1.008949946922438556e+00
1.202500000000000036e+01 1.009491926132773720e+00
1.207500000000000107e+01 1.010890683391741929e+00
1.212500000000000000e+01 1.007826984730634923e+00
1.217500000000000071e+01 1.008876817094919387e+00
1.222500000000000142e+01 1.006210032040167457e+00
1.227500000000000036e+01 1.006979991015694909e+00
1.232500000000000107e+01 1.011057384375797286e+00
1.237500000000000000e+01 1.007326942890069965e+00
1.242500000000000071e+01 1.010738082986030184e+00
1.247500000000000142e+01 1.005986943073698736e+00
1.252500000000000036e+01 1.004648829963892487e+00
1.257500000000000107e+01 1.003903398717994389e+00
1.262500000000000000e+01 1.003912420768071634e+00
1.267500000000000071e+01 1.003900951639784989e+00
1.272500000000000142e+01 1.002264275949953154e+00
1.277500000000000036e+01 9.977320406108356465e-01
1.282500000000000107e+01 1.002364959862164007e+00
1.287500000000000000e+01 9.999164556085780031e-01
1.292500000000000071e+01 1.001226698021215000e+00
1.297500000000000142e+01 1.003240858634861343e+00
1.302500000000000036e+01 1.003497462835577503e+00
1.307500000000000107e+01 1.003884622402085647e+00
1.312500000000000000e+01 1.000446868562649749e+00
1.317500000000000071e+01 9.985397847886466893e-01
1.322500000000000142e+01 1.000640894307287532e+00
1.327500000000000036e+01 1.000516843117027488e+00
1.332500000000000107e+01 1.001125527877092525e+00
1.337500000000000000e+01 9.983069030551744438e-01
1.342500000000000071e+01 9.970854008096999843e-01
1.347500000000000142e+01 9.990885966499027937e-01
1.352500000000000036e+01 9.977003568950995049e-01
1.357500000000000107e+01 1.000256642982295441e+00
1.362500000000000000e+01 1.001183465301244357e+00
1.367500000000000071e+01 9.990047060941977808e-01
1.372500000000000142e+01 1.001583740875958028e+00
1.377500000000000036e+01 9.950684690196340831e-01
1.382500000000000107e+01 9.993768144402925824e-01
1.387500000000000000e+01 9.963602273991783997e-01
1.392500000000000071e+01 9.962361096022832596e-01
1.397500000000000142e+01 9.996283183623401181e-01
1.402500000000000036e+01 9.998992159070037022e-01
1.407500000000000107e+01 9.973535087578628833e-01
1.412500000000000000e+01 9.982971582163133739e-01
1.417500000000000071e+01 1.002473703391081328e+00
1.422500000000000142e+01 9.994350918164315312e-01
1.427500000000000036e+01 1.001572342969808682e+00
1.432500000000000107e+01 9.960470610028733240e-01
1.437500000000000000e+01 1.000802239382789782e+00
1.442500000000000071e+01 9.958025811476152178e-01
1.447500000000000142e+01 9.981282733618614955e-01
1.452500000000000036e+01 9.954828322972392174e-01
1.457500000000000107e+01 1.000187401603487070e+00
1.462500000000000000e+01 9.975459343910779708e-01
1.467500000000000071e+01 9.988143574564827265e-01
1.472500000000000142e+01 9.998044401503237699e-01
1.477500000000000036e+01 9.994954419524741951e-01
1.482500000000000107e+01 9.969538845022454243e-01
1.487500000000000000e+01 9.969473025456828674e-01
1.492500000000000071e+01 9.996371529042005211e-01
1.497500000000000142e+01 1.002026949248609800e+00
1.502500000000000036e+01 9.980865244353669397e-01
1.507500000000000107e+01 9.989014128869191378e-01
1.512500000000000000e+01 9.985551847875906439e-01
1.517500000000000071e+01 9.994269554560287760e-01
1.522500000000000142e+01 1.004562256294507128e+00
1.527500000000000036e+01 1.002996335912110348e+00
1.532500000000000107e+01 9.981502225653292593e-01
1.537500000000000000e+01 9.969961769769907223e-01
1.542500000000000071e+01 9.970462273394781194e-01
1.547500000000000142e+01 9.950356135466027485e-01
1.552500000000000036e+01 9.957025794763072479e-01
1.557500000000000107e+01 9.973037430139974902e-01
1.562500000000000000e+01 9.979463808395515612e-01
1.567500000000000071e+01 9.988134269370513296e-01
1.572500000000000142e+01 9.974726712405190820e-01
1.577500000000000036e+01 9.950104736303565511e-01
1.582500000000000107e+01 9.992411428651469807e-01
1.587500000000000000e+01 9.976273254511069943e-01
1.592500000000000071e+01 9.976946165844622350e-01
1.597500000000000142e+01 9.992435546451081674e-01
1.602499999999999858e+01 9.979899305288624234e-01
1.607500000000000284e+01 9.984259284708405513e-01
1.612500000000000000e+01 9.964476201139054190e-01
1.617500000000000071e+01 9.986291701386893482e-01
1.622500000000000142e+01 9.984478126479749971e-01
1.627499999999999858e+01 9.999282821871242621e-01
1.632500000000000284e+01 1.002629617722401001e+00
1.637500000000000000e+01 1.002978379090464278e+00
1.642500000000000071e+01 9.969688473623102842e-01
1.647500000000000142e+01 1.000525391219811322e+00
1.652499999999999858e+01 1.005520559904957922e+00
1.657500000000000284e+01 9.964847598640310666e-01
1.662500000000000000e+01 1.001439749214273256e+00
1.667500000000000071e+01 9.984520579583384681e-01
1.672500000000000142e+01 9.961078674949409573e-01
1.677499999999999858e+01 1.001097925987792348e+00
1.682500000000000284e+01 9.983441002766738626e-01
1.687500000000000000e+01 1.000408797724642529e+00
1.692500000000000071e+01 9.997767971646316365e-01
1.697500000000000142e+01 9.978562279549999525e-01
1.702499999999999858e+01 9.987308183517336069e-01
1.707500000000000284e+01 1.002375642908803544e+00
1.712500000000000000e+01 9.973605037863003675e-01
1.717500000000000071e+01 1.000821411256539673e+00
1.722500000000000142e+01 9.994233718645778586e-01
1.727499999999999858e+01 9.993297287189475409e-01
1.732500000000000284e+01 9.979026260828101069e-01
1.737500000000000000e+01 9.971073424912542116e-01
1.742500000000000071e+01 9.976133131743326610e-01
1.747500000000000142e+01 9.972230920586145908e-01
1.752499999999999858e+01 9.972000626035562032e-01
1.757500000000000284e+01 9.961043212922363610e-01
1.762500000000000000e+01 9.965995228525125205e-01
1.767500000000000071e+01 9.988352403421162373e-01
1.772500000000000142e+01 9.962832858623430488e-01
1.777499999999999858e+01 9.983145760768586952e-01
1.782500000000000284e+01 9.999300747385284627e-01
1.787500000000000000e+01 9.983620272488640257e-01
1.792500000000000071e+01 9.993671213415329380e-01
1.797500000000000142e+01 9.973525625333854450e-01
1.802499999999999858e+01 9.975564107178975792e-01
1.807500000000000284e+01 9.988704927555747126e-01
1.812500000000000000e+01 9.988442324320447874e-01
1.817500000000000071e+01 9.973645469843530620e-01
1.822500000000000142e+01 9.984312853327917958e-01
1.827499999999999858e+01 1.001022728418097252e+00
1.832500000000000284e+01 1.003610152987425286e+00
1.837500000000000000e+01 1.000195653255524286e+00
1.842500000000000071e+01 1.002949188611112818e+00
1.847500000000000142e+01 1.000586706907626189e+00
1.852499999999999858e+01 1.003154382466487915e+00
1.857500000000000284e+01 1.002116208230237282e+00
1.862500000000000000e+01 9.987788965257643481e-01
1.867500000000000071e+01 9.974227354899487530e-01
1.872500000000000142e+01 9.981659292495543845e-01
1.877499999999999858e+01 9.971764757790632094e-01
1.882500000000000284e+01 9.985640812045585291e-01
1.887500000000000000e+01 1.000090048885520222e+00
1.892500000000000071e+01 9.992597415204612643e-01
1.897500000000000142e+01 9.984169940578445646e-01
1.902499999999999858e+01 9.985074351096391299e-01
1.907500000000000284e+01 1.001053389958728168e+00
1.912500000000000000e+01 9.992762096632340496e-01
1.917500000000000426e+01 9.997175308193031462e-01
1.922500000000000142e+01 9.992646429862749313e-01
1.927499999999999858e+01 9.978866718464434182e-01
1.932500000000000284e+01 9.990990333250920896e-01
1.937500000000000000e+01 9.976302187647398956e-01
1.942500000000000426e+01 9.985220423835684533e-01
1.947500000000000142e+01 9.973402435344611572e-01
1.952499999999999858e+01 1.000213848547609086e+00
1.957500000000000284e+01 9.962321373525522272e-01
1.962500000000000000e+01 9.991426234311752141e-01
1.967500000000000426e+01 1.000202071420896788e+00
1.972500000000000142e+01 9.981158794871745066e-01
1.977499999999999858e+01 1.001420291143576780e+00
1.982500000000000284e+01 9.999247146475969128e-01
1.987500000000000000e+01 9.987062162025401868e-01
1.992500000000000426e+01 9.983051729435606925e-01
1.997500000000000142e+01 9.964523811963207356e-01
