# r(A) g(r)  [11-frame average, steps=[12000, 13000, 14000, 15000, 16000, 17000, 18000, 19000, 20000, 21000, 22000]]
2.500000000000000139e-02 0.000000000000000000e+00
7.500000000000001110e-02 0.000000000000000000e+00
1.250000000000000000e-01 0.000000000000000000e+00
1.750000000000000167e-01 0.000000000000000000e+00
2.250000000000000056e-01 1.728710827967901847e-02
2.750000000000000222e-01 0.000000000000000000e+00
3.250000000000000666e-01 0.000000000000000000e+00
3.750000000000000000e-01 0.000000000000000000e+00
4.250000000000000444e-01 1.453552703101038124e-02
4.749999999999999778e-01 1.939412424728532633e-02
5.250000000000000222e-01 2.222628207387302574e-02
5.750000000000000666e-01 3.441082234121361355e-02
6.250000000000000000e-01 3.360613849569601269e-02
6.750000000000000444e-01 5.762369426559672131e-02
7.250000000000000888e-01 4.661969272094174110e-02
7.750000000000000222e-01 5.682619672789387261e-02
8.250000000000000666e-01 7.972071421537926805e-02
8.750000000000000000e-01 7.315621985457634868e-02
9.250000000000000444e-01 7.875799440493647108e-02
9.750000000000000888e-01 9.390275385056411073e-02
1.024999999999999911e+00 9.079588280861751459e-02
1.075000000000000178e+00 9.087652378500811479e-02
1.125000000000000000e+00 1.071800713340099048e-01
1.175000000000000266e+00 2.272483901219823466e+00
1.225000000000000089e+00 9.366725502904580836e+00
1.274999999999999911e+00 1.823401113112302907e+00
1.325000000000000178e+00 5.126959986178849960e+00
1.375000000000000000e+00 5.420957133926942006e+00
1.425000000000000266e+00 1.010649363552979407e+00
1.475000000000000089e+00 2.771549054813577384e-01
1.524999999999999911e+00 1.140224398033222730e-01
1.575000000000000178e+00 1.160705841635590874e-01
1.625000000000000000e+00 1.166603624308185094e-01
1.675000000000000266e+00 1.141665431185930057e-01
1.725000000000000089e+00 1.188202754346179557e-01
1.774999999999999911e+00 1.091649509754061137e-01
1.825000000000000178e+00 1.043162959184909117e-01
1.875000000000000000e+00 1.060460370308629746e-01
1.925000000000000266e+00 1.124172283405808770e-01
1.975000000000000089e+00 1.036561714536369250e-01
2.025000000000000355e+00 1.069239660261627617e-01
2.075000000000000178e+00 1.077276177161591159e-01
2.125000000000000000e+00 1.106638124627590675e-01
2.174999999999999822e+00 1.176592244861863479e-01
2.225000000000000089e+00 1.286941296599056206e-01
2.275000000000000355e+00 2.487352057278147677e-01
2.325000000000000178e+00 8.986957778818772669e-01
2.375000000000000000e+00 2.186260838147980223e+00
2.425000000000000266e+00 2.443192580170764128e+00
2.475000000000000089e+00 1.357966646267347643e+00
2.525000000000000355e+00 4.620391063642156904e-01
2.575000000000000178e+00 1.711878343423732796e-01
2.625000000000000000e+00 1.278963774193722092e-01
2.675000000000000266e+00 2.002112583247967759e-01
2.725000000000000089e+00 3.877486310455063867e-01
2.775000000000000355e+00 6.939340748002048587e-01
2.825000000000000178e+00 9.961565839627957164e-01
2.875000000000000000e+00 1.095958221704314450e+00
2.925000000000000266e+00 9.712490716896583498e-01
2.975000000000000089e+00 7.511011110718019967e-01
3.025000000000000355e+00 5.087057198352999965e-01
3.075000000000000178e+00 3.879881149171504617e-01
3.125000000000000000e+00 3.685025106514719928e-01
3.175000000000000266e+00 4.118552530214258378e-01
3.225000000000000089e+00 4.827394601431404531e-01
3.275000000000000355e+00 5.386101242402573375e-01
3.325000000000000178e+00 6.106378548716693277e-01
3.375000000000000000e+00 6.735825701686486422e-01
3.425000000000000266e+00 7.335880970132018231e-01
3.475000000000000089e+00 7.906832181478776755e-01
3.525000000000000355e+00 8.976540313357092016e-01
3.575000000000000178e+00 1.155524286262714861e+00
3.625000000000000000e+00 1.568286463132480657e+00
3.675000000000000266e+00 1.727688433392426948e+00
3.725000000000000089e+00 1.448253367224771715e+00
3.775000000000000355e+00 1.131455301018784443e+00
3.825000000000000178e+00 9.550379612226824744e-01
3.875000000000000000e+00 9.180199227292885622e-01
3.925000000000000266e+00 8.965977049061660820e-01
3.975000000000000089e+00 8.963387182664328545e-01
4.025000000000000355e+00 9.024602794855803856e-01
4.075000000000000178e+00 9.339430355587164945e-01
4.125000000000000000e+00 1.038066564521935353e+00
4.175000000000000711e+00 1.160361114259550019e+00
4.224999999999999645e+00 1.298525063602180118e+00
4.275000000000000355e+00 1.317842714284672034e+00
4.325000000000000178e+00 1.262611596867236230e+00
4.375000000000000000e+00 1.125371274550429845e+00
4.425000000000000711e+00 1.031207543826138551e+00
4.474999999999999645e+00 9.612691842110233642e-01
4.525000000000000355e+00 9.318511740117368936e-01
4.575000000000000178e+00 9.290717317307740641e-01
4.625000000000000000e+00 9.411273482061057738e-01
4.675000000000000711e+00 9.746411237873077171e-01
4.724999999999999645e+00 1.079405472991477266e+00
4.775000000000000355e+00 1.258084575387905080e+00
4.825000000000001066e+00 1.387888078942942638e+00
4.875000000000000000e+00 1.342956678500479839e+00
4.925000000000000711e+00 1.186441560112744265e+00
4.974999999999999645e+00 1.135133229092835760e+00
5.025000000000000355e+00 1.185093081012158933e+00
5.075000000000001066e+00 1.267430421640763027e+00
5.125000000000000000e+00 1.286669288270669398e+00
5.175000000000000711e+00 1.193202617421398326e+00
5.224999999999999645e+00 1.063439136825526488e+00
5.275000000000000355e+00 9.866675003074201200e-01
5.325000000000001066e+00 9.576392702473564000e-01
5.375000000000000000e+00 9.475695135062800478e-01
5.425000000000000711e+00 9.647072078735389189e-01
5.474999999999999645e+00 9.600719493377152247e-01
5.525000000000000355e+00 9.539262147984388651e-01
5.575000000000001066e+00 9.627127993456586763e-01
5.625000000000000000e+00 9.608589672444309837e-01
5.675000000000000711e+00 9.654696826168946977e-01
5.724999999999999645e+00 9.577577513317507840e-01
5.775000000000000355e+00 9.666464613403312756e-01
5.825000000000001066e+00 9.678166347188202900e-01
5.875000000000000000e+00 9.638881506819706457e-01
5.925000000000000711e+00 9.679811162513872747e-01
5.974999999999999645e+00 9.618255180648163094e-01
6.025000000000000355e+00 9.749305815925538576e-01
6.075000000000001066e+00 9.646633262240633666e-01
6.125000000000000000e+00 9.589390081511702801e-01
6.175000000000000711e+00 9.564401723465962846e-01
6.224999999999999645e+00 9.564270194259169022e-01
6.275000000000000355e+00 9.590043966314630852e-01
6.325000000000001066e+00 9.703501885500395163e-01
6.375000000000000000e+00 9.821924791280216560e-01
6.425000000000000711e+00 1.010383045520734546e+00
6.474999999999999645e+00 1.068190524167456745e+00
6.525000000000000355e+00 1.121709273272394558e+00
6.575000000000001066e+00 1.143926510898604532e+00
6.625000000000000000e+00 1.114422143422600042e+00
6.675000000000000711e+00 1.055264364465571925e+00
6.724999999999999645e+00 1.001025842870212790e+00
6.775000000000000355e+00 9.737021820444865527e-01
6.825000000000001066e+00 9.687502589121221863e-01
6.875000000000000000e+00 9.729115962844885335e-01
6.925000000000000711e+00 9.622161863637324064e-01
6.974999999999999645e+00 9.686537009824722766e-01
7.025000000000000355e+00 9.688349124015652736e-01
7.075000000000001066e+00 9.714843723406398901e-01
7.125000000000000000e+00 9.761709204466946233e-01
7.175000000000000711e+00 9.766719826101277757e-01
7.224999999999999645e+00 9.773842616537986583e-01
7.275000000000000355e+00 9.791753252210919634e-01
7.325000000000001066e+00 9.806145346770390736e-01
7.375000000000000000e+00 9.778379051328343063e-01
7.425000000000000711e+00 9.867303613926242667e-01
7.474999999999999645e+00 9.954078253305187474e-01
7.525000000000000355e+00 9.863966628453356700e-01
7.575000000000001066e+00 9.917963626015785517e-01
7.625000000000000000e+00 9.942606226176693429e-01
7.675000000000000711e+00 9.935458668709017394e-01
7.724999999999999645e+00 1.007475528454755631e+00
7.775000000000000355e+00 1.003245669449043254e+00
7.825000000000001066e+00 1.001685483925979669e+00
7.875000000000000000e+00 1.001890236264564749e+00
7.925000000000000711e+00 1.009228121497450115e+00
7.974999999999999645e+00 1.009602560397938831e+00
8.025000000000000355e+00 1.007443265859554460e+00
8.074999999999999289e+00 1.008574990094466051e+00
8.125000000000000000e+00 1.010212454354052269e+00
8.175000000000000711e+00 1.005069070630653760e+00
8.225000000000001421e+00 9.985526988942416970e-01
8.275000000000000355e+00 1.007648391945151101e+00
8.324999999999999289e+00 1.005013631023647491e+00
8.375000000000000000e+00 1.001883159868160122e+00
8.425000000000000711e+00 9.993354764332522677e-01
8.475000000000001421e+00 1.004978167293548719e+00
8.525000000000000355e+00 9.994016836274838278e-01
8.574999999999999289e+00 9.968501395772665363e-01
8.625000000000000000e+00 9.958668451302817859e-01
8.675000000000000711e+00 9.874554061388474135e-01
8.725000000000001421e+00 9.916212654537435167e-01
8.775000000000000355e+00 9.797164587168516459e-01
8.824999999999999289e+00 9.814117598715808022e-01
8.875000000000000000e+00 9.710069613885690121e-01
8.925000000000000711e+00 9.739352450422875673e-01
8.975000000000001421e+00 9.748694515812426076e-01
9.025000000000000355e+00 9.809666235615820407e-01
9.074999999999999289e+00 9.800483323417181758e-01
9.125000000000000000e+00 9.783554749901066661e-01
9.175000000000000711e+00 9.828997288621328376e-01
9.225000000000001421e+00 9.833803938941261258e-01
9.275000000000000355e+00 9.813825344750435331e-01
9.324999999999999289e+00 9.896164668535430975e-01
9.375000000000000000e+00 9.918042740337188468e-01
9.425000000000000711e+00 9.963432258160523913e-01
9.475000000000001421e+00 9.982455665618514828e-01
9.525000000000000355e+00 1.003718724064044165e+00
9.575000000000001066e+00 1.006827895438376475e+00
9.625000000000000000e+00 1.008798198555093562e+00
9.675000000000000711e+00 1.009084692604519162e+00
9.725000000000001421e+00 1.007377985979983404e+00
9.775000000000000355e+00 1.016479388721822641e+00
9.825000000000001066e+00 1.014355655548771162e+00
9.875000000000000000e+00 1.007735426855929539e+00
9.925000000000000711e+00 1.014887585411482940e+00
9.975000000000001421e+00 1.012522809568703552e+00
