# r(A) g(r)  [11-frame average, steps=[12000, 13000, 14000, 15000, 16000, 17000, 18000, 19000, 20000, 21000, 22000]]
2.500000000000000139e-02 0.000000000000000000e+00
7.500000000000001110e-02 0.000000000000000000e+00
1.250000000000000000e-01 0.000000000000000000e+00
1.750000000000000167e-01 0.000000000000000000e+00
2.250000000000000056e-01 0.000000000000000000e+00
2.750000000000000222e-01 0.000000000000000000e+00
3.250000000000000666e-01 4.142768552230769591e-03
3.750000000000000000e-01 0.000000000000000000e+00
4.250000000000000444e-01 0.000000000000000000e+00
4.749999999999999778e-01 0.000000000000000000e+00
5.250000000000000222e-01 1.587591576705216093e-03
5.750000000000000666e-01 0.000000000000000000e+00
6.250000000000000000e-01 0.000000000000000000e+00
6.750000000000000444e-01 0.000000000000000000e+00
7.250000000000000888e-01 1.664989025747919170e-03
7.750000000000000222e-01 1.457081967381894036e-03
8.250000000000000666e-01 0.000000000000000000e+00
8.750000000000000000e-01 2.857664838069388837e-03
9.250000000000000444e-01 1.534246644252009123e-03
9.750000000000000888e-01 9.206152338290599091e-04
1.024999999999999911e+00 1.249484625806663142e-03
1.075000000000000178e+00 2.701569726037072527e+01
1.125000000000000000e+00 5.760410220954642391e+00
1.175000000000000266e+00 1.584716806987324523e-03
1.225000000000000089e+00 2.915984528642232790e-03
1.274999999999999911e+00 3.230117118002308243e-03
1.325000000000000178e+00 1.744711711388038456e-03
1.375000000000000000e+00 1.851577878550744391e-03
1.425000000000000266e+00 2.585883232971375890e-03
1.475000000000000089e+00 3.419182433369435167e-03
1.524999999999999911e+00 3.386805142672938678e-03
1.575000000000000178e+00 4.409976601958931833e-03
1.625000000000000000e+00 4.639900778498463364e-03
1.675000000000000266e+00 1.060563515309334050e-02
1.725000000000000089e+00 1.529369881831716370e-02
1.774999999999999911e+00 4.597149971101707755e-02
1.825000000000000178e+00 9.577654877151117740e-02
1.875000000000000000e+00 1.595669242647492214e-01
1.925000000000000266e+00 1.878737503044791701e-01
1.975000000000000089e+00 2.170721772324539500e-01
2.025000000000000355e+00 5.440103580852073684e-01
2.075000000000000178e+00 1.713783790139236984e+00
2.125000000000000000e+00 3.694834067769300123e+00
2.174999999999999822e+00 4.029920938042201861e+00
2.225000000000000089e+00 2.072541176006502006e+00
2.275000000000000355e+00 5.650229027460863529e-01
2.325000000000000178e+00 1.525888615841594909e-01
2.375000000000000000e+00 1.002288341099705632e-01
2.425000000000000266e+00 1.018679004158426077e-01
2.475000000000000089e+00 1.268673731599584131e-01
2.525000000000000355e+00 1.800250409972278254e-01
2.575000000000000178e+00 2.814634207672405686e-01
2.625000000000000000e+00 4.440176121729148551e-01
2.675000000000000266e+00 6.090115826684945333e-01
2.725000000000000089e+00 7.331277688202347820e-01
2.775000000000000355e+00 7.588270254570860240e-01
2.825000000000000178e+00 7.155351948874110191e-01
2.875000000000000000e+00 6.264887255168030133e-01
2.925000000000000266e+00 5.416797745268653319e-01
2.975000000000000089e+00 5.272342185669889325e-01
3.025000000000000355e+00 5.226212457303998082e-01
3.075000000000000178e+00 5.432018717673559038e-01
3.125000000000000000e+00 5.873904927201053505e-01
3.175000000000000266e+00 6.171317592965441801e-01
3.225000000000000089e+00 6.497671450628081935e-01
3.275000000000000355e+00 7.122039796138593948e-01
3.325000000000000178e+00 1.071861793348436453e+00
3.375000000000000000e+00 1.867007694205333967e+00
3.425000000000000266e+00 1.924838777279478830e+00
3.475000000000000089e+00 1.170588023787765275e+00
3.525000000000000355e+00 8.036275007877945464e-01
3.575000000000000178e+00 7.721641252765336638e-01
3.625000000000000000e+00 7.834772359559412092e-01
3.675000000000000266e+00 8.111620962120771328e-01
3.725000000000000089e+00 8.339661243850510219e-01
3.775000000000000355e+00 9.435037731872608635e-01
3.825000000000000178e+00 1.244970881055222911e+00
3.875000000000000000e+00 1.377437867044799757e+00
3.925000000000000266e+00 1.123914166680354931e+00
3.975000000000000089e+00 9.312329524941936887e-01
4.025000000000000355e+00 9.072410609254507596e-01
4.075000000000000178e+00 9.326254701905675182e-01
4.125000000000000000e+00 9.189226713090797860e-01
4.175000000000000711e+00 9.325164196764580415e-01
4.224999999999999645e+00 9.372952565863655883e-01
4.275000000000000355e+00 9.518923500926856907e-01
4.325000000000000178e+00 9.604681317703891441e-01
4.375000000000000000e+00 9.651134304314985535e-01
4.425000000000000711e+00 9.649245693334995710e-01
4.474999999999999645e+00 9.753193770971774201e-01
4.525000000000000355e+00 1.022399138058331935e+00
4.575000000000000178e+00 1.108760560133699391e+00
4.625000000000000000e+00 1.195546355066935629e+00
4.675000000000000711e+00 1.205587823928774283e+00
4.724999999999999645e+00 1.133795184415637536e+00
4.775000000000000355e+00 1.050873128939736834e+00
4.825000000000001066e+00 1.014075536770444819e+00
4.875000000000000000e+00 9.955533138627458145e-01
4.925000000000000711e+00 9.932474679184891686e-01
4.974999999999999645e+00 1.001122235158877993e+00
5.025000000000000355e+00 9.973976000592928992e-01
5.075000000000001066e+00 1.003070939593440292e+00
5.125000000000000000e+00 1.010699783917504480e+00
5.175000000000000711e+00 1.010495202692314631e+00
5.224999999999999645e+00 1.010674296311424580e+00
5.275000000000000355e+00 1.009045299117427241e+00
5.325000000000001066e+00 1.006542822642191304e+00
5.375000000000000000e+00 1.014015398480418551e+00
5.425000000000000711e+00 1.012032635446769246e+00
5.474999999999999645e+00 1.017456130593744845e+00
5.525000000000000355e+00 1.006778767227763716e+00
5.575000000000001066e+00 1.008201612663673030e+00
5.625000000000000000e+00 1.013964963879604886e+00
5.675000000000000711e+00 1.004111296191192437e+00
5.724999999999999645e+00 1.007582836056305275e+00
5.775000000000000355e+00 1.005037312195202759e+00
5.825000000000001066e+00 1.007214868056586443e+00
5.875000000000000000e+00 1.004786522036699603e+00
5.925000000000000711e+00 1.009775144977222316e+00
5.974999999999999645e+00 1.003278442701568407e+00
6.025000000000000355e+00 1.007863027361624031e+00
6.075000000000001066e+00 9.969610511581138423e-01
6.125000000000000000e+00 1.003378612367678002e+00
6.175000000000000711e+00 1.002768030089963514e+00
6.224999999999999645e+00 1.000421442761572743e+00
6.275000000000000355e+00 9.987443581865074194e-01
6.325000000000001066e+00 1.003273448323419359e+00
6.375000000000000000e+00 1.006375289284799024e+00
6.425000000000000711e+00 1.008718825350916060e+00
6.474999999999999645e+00 1.002666711700694213e+00
6.525000000000000355e+00 1.001809507998473459e+00
6.575000000000001066e+00 1.002016219405529096e+00
6.625000000000000000e+00 1.002680835644102153e+00
6.675000000000000711e+00 9.960143885621676185e-01
6.724999999999999645e+00 1.000155049076878910e+00
6.775000000000000355e+00 1.005895805071804761e+00
6.825000000000001066e+00 1.005293047275336971e+00
6.875000000000000000e+00 1.007119497590713619e+00
6.925000000000000711e+00 9.981583169832251023e-01
6.974999999999999645e+00 1.008588540088494634e+00
7.025000000000000355e+00 1.002200513552582883e+00
7.075000000000001066e+00 1.006801540200409351e+00
7.125000000000000000e+00 1.006555048434108368e+00
7.175000000000000711e+00 1.010025572213293366e+00
7.224999999999999645e+00 1.007545061110301177e+00
7.275000000000000355e+00 1.009543054969277209e+00
7.325000000000001066e+00 1.004941917429668097e+00
7.375000000000000000e+00 1.010662056493180971e+00
7.425000000000000711e+00 1.007644746294807048e+00
7.474999999999999645e+00 1.007702998538462680e+00
7.525000000000000355e+00 1.007152984519360528e+00
7.575000000000001066e+00 1.010685760938941691e+00
7.625000000000000000e+00 1.004428564279338687e+00
7.675000000000000711e+00 1.001464638696158094e+00
7.724999999999999645e+00 9.987643510711037287e-01
7.775000000000000355e+00 1.000596329532896123e+00
7.825000000000001066e+00 9.990484539503172723e-01
7.875000000000000000e+00 9.972474128980223229e-01
7.925000000000000711e+00 9.911064103675202297e-01
7.974999999999999645e+00 1.002942604294947193e+00
8.025000000000000355e+00 1.001946391224898703e+00
8.074999999999999289e+00 9.963009924306996945e-01
8.125000000000000000e+00 9.931707616375958780e-01
8.175000000000000711e+00 9.980565953883413499e-01
8.225000000000001421e+00 9.964634600017644450e-01
8.275000000000000355e+00 9.927589881170378883e-01
8.324999999999999289e+00 9.962753703008294659e-01
8.375000000000000000e+00 9.935047080972163602e-01
8.425000000000000711e+00 9.929857531646947288e-01
8.475000000000001421e+00 9.944446606783052811e-01
8.525000000000000355e+00 9.979385806602367737e-01
8.574999999999999289e+00 9.956599418104737920e-01
8.625000000000000000e+00 9.980256095404057559e-01
8.675000000000000711e+00 1.005061957449548071e+00
8.725000000000001421e+00 1.006106551050939268e+00
8.775000000000000355e+00 1.003686551656919335e+00
8.824999999999999289e+00 1.005009871712406078e+00
8.875000000000000000e+00 1.009645243018795435e+00
8.925000000000000711e+00 1.010345476773782947e+00
8.975000000000001421e+00 1.008196975238578652e+00
9.025000000000000355e+00 1.012238977368631332e+00
9.074999999999999289e+00 1.010355380721118523e+00
9.125000000000000000e+00 1.010512221323872195e+00
9.175000000000000711e+00 1.007471182462209569e+00
9.225000000000001421e+00 1.005516325227861385e+00
9.275000000000000355e+00 9.997554169868033691e-01
9.324999999999999289e+00 1.001381799716530185e+00
9.375000000000000000e+00 1.006192679997061301e+00
9.425000000000000711e+00 9.993530136702890587e-01
9.475000000000001421e+00 1.003168458801395158e+00
9.525000000000000355e+00 9.962621915882721169e-01
9.575000000000001066e+00 9.996494952888642649e-01
9.625000000000000000e+00 9.963094947007870017e-01
9.675000000000000711e+00 9.936955199553295648e-01
9.725000000000001421e+00 9.996605289665785321e-01
9.775000000000000355e+00 9.972406524088816004e-01
9.825000000000001066e+00 9.948770605222568841e-01
9.875000000000000000e+00 9.988326630393055128e-01
9.925000000000000711e+00 1.002618278333377244e+00
9.975000000000001421e+00 9.939950441596756558e-01
